0
0.00447102276584
0.00399305163962
0.00554989603132
0.0
0.00648408510672
0.0
0.00568578594918
0.0
0.00696137226672
0.00875321484619
0.0120697582597
0.0
0.0
0.0
0.0
0.0
0.0024818771902
0.00330995532643
0.0112997620259
0.0120193389607
0.0112192339939
0.0147992420884
0.0129920594415
0.0
0.0
0.00298205326963
0.0
0.0
0.00101154045983
0.00746158018172
0.00390236901756
0.000645888062433
0.0081400635635
0.0
0.00749082941022
0.0
0.00488624273876
0.0109777591477
0.0
0.00514922165575
0.00229273876269
0.00775513156196
0.0
0.00200158340268
0.00439776614966
0.00922221626265
0.0
0.0
0.0
0.00775236208452
0.00841559873664
0.0136116273752
0.0130474527051
0.0118914633997
0.0189335491056
0.0241584777875
0.0126440663452
0.0202299393425
0.00421696876959
0.0114044222224
0.0
0.00605150990897
0.0
0.00389728405306
0.0102665118506
0.0171434506164
0.0152584591691
0.00980027971568
0.0170177815644
0.0179438125602
0.0246110129111
0.0291444970046
0.0193249516546
0.0266311151948
0.0265491726021
0.0272794401254
0.0304058573875
0.0289429464606
0.0368460639846
0.0330484769558
0.0386492790199
0.0371901289709
0.0447708324221
0.0509318078736
0.0574174783839
0.0600025014968
0.0584923083547
0.0660630288863
0.0735189837309
0.0809392718509
0.0710106451609
0.0697020354608
0.0631132141116
0.0374695872991
0.038975154597
0.0385140949517
0.0339751301249
0.0120205209865
0.00855955318954
0.015468065851
0.0
0.0
0.0
0.00483915746498
0.0121414982692
0.00512119868254
0.0
0.00491072940384
0.0
0.0
0.0
0.0
0.000312906561152
0.0
0.00734614598545
0.00817317104315
0.0128982076496
0.0105861637182
0.0143036159232
0.0189318041315
0.0109031610411
0.0157467875451
0.0
0.0
0.00410341776502
0.0
0.0
0.0
0.00238096058136
0.00965222576232
0.0119732454527
0.0176130851031
0.0189862434749
0.0208471225401
0.0265312384311
0.0144091005564
0.0104696034343
0.00693712980764
0.00726992640622
0.0
0.000921603159161
0.00432420431252
0.0
0.0
0.00353531467747
0.0
0.00676221291349
0.00678424085635
0.0
0.0
0.0
0.0
0.0
0.00591035052221
0.0102959568982
0.00979966642934
0.00215300202835
0.0
0.0
0.0
0.00428915017996
0.012209240257
0.0193587872388
0.0
0.00245611385925
0.00759369967633
0.0
0.0
0.0
0.0
0.00683003175497
0.0058074382043
0.0108607209315
0.00853797141239
0.00563580453136
0.0
0.00337101737597
0.0
0.0
0.0071046681833
0.0
0.0
0.00730418919818
0.0124614253026
0.0129518858707
0.00745674626687
0.012923053054
0.0168228813739
0.0
0.0
0.00711291149683
0.0150240051404
0.0151192018959
0.0112713439479
0.0119118278449
0.019643717404
0.000271775232415
0.00181401187136
0.0
0.00420201710811
0.00304768531085
0.00346948250623
0.00738576751392
0.0137346408356
0.0
0.0
0.00156815424936
0.0
0.0
0.0034693528151
0.00943758664429
0.0
0.0
0.00155134717497
0.0013804407985
0.00434632233082
0.0
0.0
0.0
0.00313773187541
0.0
0.0
0.0
0.00271462606985
0.0
0.00609971984863
0.0
0.0
0.00194986118185
0.0
0.0
0.0075442268824
0.00505035698512
0.00541195472187
0.0122155089099
0.0175373312426
0.00554324741715
0.00278022479901
0.00570732688114
0.0
0.00217660513628
0.0
0.00234391581988
0.00762839644605
0.0150365400225
0.0142951725825
0.022222253868
0.000134055455363
0.00811515562788
0.0
0.0060738478305
0.00685267126027
0.0
0.0045546433243
0.00742253319643
0.0115064712477
0.0178910467026
0.0204729836226
0.0279316695966
0.0169240098245
0.024313702787
0.0220425771488
0.0217416610553
0.0295522540242
0.0368532491463
0.0372890744924
0.0352368031762
0.0280092436528
0.0336053199293
0.0290635520106
0.0193160259331
0.0203758753985
0.0
0.00151455766159
0.00293505581243
0.0
0.00771136181211
0.0
0.0061752163174
0.00222870875043
0.00120556162685
0.0
0.00273261780649
0.00596042467164
0.0126103071488
0.0165061305403
0.00366385058927
0.00977298464445
0.0147779814246
0.0155695084649
0.00995630945047
0.0165015067398
0.0185066358572
0.0257418754374
0.033709629526
0.0177012394856
0.0143689235025
0.0
0.00293580585605
0.0
0.00489058058428
0.00410080096501
0.0109866184801
0.0
0.0
0.0
0.00319908561255
0.0
0.0
0.0
0.0
0.00326617178062
0.0108670490365
0.00407228297489
0.00858633130041
0.0
0.0
0.0
0.000913642502527
0.0
0.0057562585082
0.00803944608318
0.0
0.0
0.00344747022268
0.00853959515913
0.0
0.0
0.0
0.0
0.00489995238186
0.0
0.00285647768526
0.00778951025844
0.00266846452719
0.0
0.00554257421691
0.00282231481551
0.0
0.0
0.00615959031732
0.0
0.00777725683866
0.0122084127109
0.0174683673786
0.0210325323409
0.0179555445487
0.0205014048298
0.0275140156752
0.0277612817668
0.0352899413963
0.0425929675516
0.0400884837428
0.0420022269874
0.0440893897605
0.0492860679474
0.0312927042968
0.0209113982926
0.0170977830594
0.0190011885765
0.0176723867499
0.00845595092091
0.0119779853785
0.0118301316385
0.0066357085456
0.0
0.0
0.0
0.0060206860896
0.0
0.0
0.0
0.00620633716084
0.0137720333266
0.0151006762526
0.0158816508749
0.020179553231
0.0235835541447
0.0230821773223
0.0
0.00677444252638
0.0
0.00386478188772
0.0
0.00596637641769
0.0084441820456
0.00888062985609
0.00226234165649
0.0
0.0
0.00141938225364
0.0
0.0
0.0
0.0
0.0
0.0
0.00293532647992
0.007816889935
0.00026772342804
0.0
0.00273909508971
0.00191035931053
0.00453529381545
0.00295524114081
0.0
0.00799468576902
0.0156935857637
0.000399676410786
0.0
0.0
0.0
0.00334399543432
0.0
0.0
0.0
0.0
0.0
0.00510356803328
0.00460278232397
0.00939421643731
0.0108295861326
0.0
0.00713342210278
0.0
0.00337215092156
0.0
0.0
0.00528744090288
0.0125189752747
0.01774054006
0.0208067159358
0.0287633478095
0.0
0.0
0.0056739853076
0.00482922422684
0.0
0.0073496479404
0.0147150779716
0.0225501214199
0.0254884620427
0.0164285813881
0.0114527150908
0.0
0.0
0.00194798655231
0.0012301905188
0.0
0.00642716598495
0.0
0.0
0.00757274964003
0.0119973185015
0.0
0.0
0.00465846180654
0.00831660430053
0.0
0.0
0.00132957205577
0.00414184984613
0.0
0.0070191876601
0.00129116670765
0.0
0.00299547088419
0.0
0.00432721288988
0.0118406644888
0.0
0.00619395812527
0.00812028953444
0.012903690174
0.0170979013022
0.0234416196793
0.0283360623069
0.0355440725364
0.0286696215048
0.0026224676882
0.0
0.0057114562001
0.00286592015087
0.0
0.00722783012363
0.0088333324839
0.0
0.0064951444207
0.0
0.00733475545427
0.000635387413173
0.0
0.00529612725449
0.0105860235675
0.00219923513426
0.00931260844632
0.0131558925252
0.0197667983743
0.0
0.0
0.0
0.0
0.0
0.0
0.00634674177082
0.0
0.000420560111743
0.0025553842908
0.0
0.0
0.0
0.000811124550747
0.0
0.00451970551234
0.00906519002272
0.0124515192676
0.0137122775456
0.0100450331226
0.0126582754665
0.0170039256694
0.0164456223379
0.0243133106089
0.0215757877652
0.0294857871741
0.0317709915628
0.00585301588998
0.0116103086048
0.0160382483433
0.0
0.0
0.00751382857992
0.00230870457304
0.0
0.0
0.0
0.00492818892142
0.00406461695336
0.0108079594263
0.0149263281985
0.0114903407157
0.0084475625609
0.0038171577776
0.00844193213404
0.013904694855
0.019289816299
0.0136032364019
0.00810549847283
0.012237451159
0.0173416783221
0.0132203733013
0.0
0.00044181917936
0.0
0.0
0.00143066820681
0.0
0.00524099343982
0.0
0.00430675354854
0.00380656481624
0.0
0.0
0.0
0.0
0.0
0.0
0.0075394250729
0.0109282020387
0.0
0.0
0.0
0.0
0.0011391260269
0.00451877710273
0.0
0.0
0.00696791363485
0.0
0.00126211659821
0.00785819421332
0.0126501789812
0.0150604830399
0.0181156716066
0.00461548096982
0.00584002347331
0.0
0.0
0.00702297853367
0.00530999473847
0.00921996018757
0.0107042503236
0.00820468238415
0.00782742886727
0.0121142689993
0.0166457911233
0.0191586802005
0.0245358958425
0.032454751825
0.0338193984331
0.0372402823858
0.0378520616396
0.0456556890999
0.0519901516852
0.0581337336152
0.0618541963379
0.0464092695476
0.0395173021033
0.0461109406302
0.0441014559622
0.0196490997515
0.00792397218371
0.00865166413187
0.0159175119057
0.0172237961734
0.00545618291612
0.0
0.00317804993717
0.0
0.0
0.00688483931419
0.00905486851723
0.0149756619758
0.0
0.0073781844604
0.0126154884253
0.0181111744443
0.00853095998444
0.00924274805774
0.0151177773483
0.0
0.0
0.0
0.00396644944694
0.0
0.0
0.0
0.0
0.00350069029798
0.0
0.0
0.00584594426371
0.00482139638852
0.0
0.00531254581889
0.00675327714621
0.0117129601936
0.0
0.0
0.00130450626709
0.00493976671268
0.00901746846898
0.0166852146799
0.0159784363493
0.0218996381954
0.0124472337062
0.0143463950652
0.00668671310477
0.0080557417522
0.0106119184739
0.0170136098614
0.0
0.0
0.00305214027516
0.00582707096194
0.0039300079114
0.0038236375235
0.0
0.00461085200392
0.0120592817047
0.0184333234821
0.0203119357548
0.0276594301909
0.0295120303897
0.025011278431
0.0
0.00182581105286
0.0
0.0
0.00286778992495
0.0
0.0
0.0
0.00256172529473
0.00935922490626
0.0145739268593
0.0
0.0
0.00505885713419
0.0
0.00514333431549
0.0115289987467
0.00709358898197
0.0141712820009
0.00515749297835
0.0
0.0
0.0
0.00405113655189
0.0
0.000228896561104
0.0028987376864
0.00892945836519
0.0155170055513
0.0150432912028
0.00960185192242
0.0065155809361
0.00520966699326
0.00540304614774
0.0123423720627
0.0101305155368
0.0112229494653
0.0145053800707
0.01708694574
0.0183936427387
0.016380612776
0.0198312452232
0.00315685732956
0.0
0.0
0.00366248231665
0.00656384889975
0.0103391859782
0.0177598142329
0.025718407605
0.0
0.0
0.00771899359088
0.0151177824429
0.00375186223801
0.0
0.0
0.00748871862798
0.013305594487
0.0114167682367
0.0
0.0
0.0
0.0
0.0
0.0
0.00786757979982
0.00568046747416
0.0
0.00715879369267
0.0150698191257
0.0200355918603
0.0
0.0
0.0
0.0
0.0
0.00771723843896
0.003242619856
0.00340526951346
0.0
0.0
0.0
0.0
0.00533592778874
0.0
0.00608359840507
0.00598298513873
0.000420189664423
0.0
0.0
0.0
0.0
0.0
0.00284213633629
0.0
0.00666684377673
0.00962949350356
0.0
0.0
0.000406370731422
0.00479388155079
0.00163240403489
0.000437343601641
0.00452501519102
0.000166134054677
0.00651587481337
0.0094841876638
0.00672337372096
0.0
0.00745728714919
0.0
0.0
0.000392805289538
0.00302877079492
0.0
0.00655778646297
0.00889101380266
0.0
0.0
0.000717419313583
0.00426574144503
0.00931226908709
0.0
0.0
0.0
0.0
0.0050196723999
0.0
0.0
0.0
0.0
0.00754248307672
0.00777647114046
0.0
0.00134159390974
0.00156604458119
0.0
0.0
0.0
0.000899377704982
0.00564189008061
0.00877724620725
0.0155520197607
0.0141085836629
0.0167196801191
0.0
0.000420667502764
0.0
0.0
0.0
0.0
0.0
0.0
0.00328341432698
0.0
2.99872997775e-05
0.00387706854974
0.00987048407895
0.0159373874827
0.0129055628322
0.0129263487356
0.0118163622572
0.00351257161264
0.0
0.0
