0
0.00136974372696
0.00806608847396
0.00788366968894
0.0129214691402
0.00550729749406
0.00829823002661
0.0147124718473
0.0221667453028
0.0286934416272
0.0350478724617
0.0305622863804
0.0330122845064
0.0326519312351
0.035635566402
0.0367118497611
0.0297954666744
0.0376692392157
0.0403232103183
0.0463699850038
0.0464346763856
0.0474568363369
0.0512055402893
0.0552148571252
0.0552179573631
0.0576304044252
0.0654746690917
0.07018750303
0.0746323555385
0.0603777217671
0.0604093589066
0.0661407530064
0.0727882532194
0.0787560198756
0.0859452871182
0.0758881967295
0.0838205178221
0.0675557319197
0.0733653931739
0.0743613388098
0.0795888179754
0.084463210377
0.085740903899
0.0880624682486
0.0891033513425
0.0871439640114
0.0950623763599
0.100133142934
0.105777242022
0.0981129041616
0.0985073976114
0.101998962171
0.103736428074
0.0972870682613
0.104800605279
0.100752739157
0.0957175359496
0.099915170097
0.104636211318
0.089594040628
0.0869653363194
0.0797945867219
0.0664650619431
0.0517442812208
0.0529098973225
0.0391762792356
0.0416548674629
0.0462620325543
0.0516925178995
0.0501539419007
0.052776449466
0.0365059556462
0.0394304665802
0.0345672245357
0.033768146274
0.0342785888905
0.0395100042942
0.0445316699943
0.0320011271202
0.0258491162855
0.0289826195025
0.0366338762728
0.039619086262
0.0435322822962
0.0456688975036
0.036164286407
0.0417933999448
0.0476693772879
0.0419179293982
0.04058192805
0.0428661874815
0.041363909308
0.0397822171694
0.0260230884499
0.0258553875946
0.0323972084087
0.0304926117392
0.0377339357437
0.0450808317913
0.0193522169375
0.0221113807549
0.0295461487508
0.029217142844
0.0368453327666
0.0416572258994
0.0420735260672
0.0499248058281
0.0515584466739
0.055606844993
0.0596478443201
0.0656274822845
0.065367517328
0.0624282592697
0.0510667348431
0.0454674752085
0.0454104698995
0.0526697670722
0.0522815637623
0.0463520615262
0.0414363360744
0.0448329855354
0.0361566065733
0.0376269442978
0.0428522395049
0.0500164777158
0.0522086448508
0.0558706651007
0.0583303256759
0.0604151748702
0.0644935179746
0.0710269741645
0.0784220695361
0.0778408252361
0.0289949966236
0.036935606606
0.0394740561899
0.0423573685654
0.0451169019112
0.0524028942052
0.059790670504
0.0602919154768
0.0628371452487
0.0600647639694
0.065401968994
0.0712385506728
0.0722354058489
0.0777150186198
0.0757829333691
0.0786481967281
0.0753502081404
0.0830986938361
0.0786730350538
0.0789171951762
0.0689844698257
0.0701387477483
0.0718328613828
0.0793463571994
0.0872550196604
0.0903150746151
0.0959030846568
0.103600580166
0.105970277433
0.10788746264
0.107942527546
0.115314270535
0.111801175952
0.114835544579
0.119056369426
0.117695311429
0.124802688304
0.126469215976
0.126702354831
0.132683585063
0.129983540887
0.136752610539
0.143918142852
0.13953372376
0.142597650637
0.12307135202
0.106324593147
0.113443268921
0.117597305825
0.12317869693
0.116474230969
0.119160112037
0.125821558652
0.107140796423
0.108018031658
0.104512177426
0.097555021626
0.0901149015093
0.0821405368169
0.0877936616685
0.0902239899716
0.0975117623089
0.103474856776
0.0690264701041
0.0766447976968
0.0609332398731
0.0654880938911
0.0726338009319
0.0788329772535
0.0784958448128
0.0823043007052
0.0837724824143
0.0909192581258
0.0873666427069
0.0806921780383
0.0760407144184
0.0790829708815
0.0579057716892
0.0504682827212
0.0478221903025
0.0528496398425
0.0553952730529
0.0617637084854
0.0526810030768
0.0603163060489
0.0588978751468
0.0443177692792
0.051642236958
0.0593854062292
0.0657875828318
0.0711022552992
0.0580859563281
0.0560522948112
0.056713183772
0.0575671729848
0.0561454779752
0.0620906582562
0.0626275242906
0.0594255186445
0.0570325975204
0.050047265808
0.0502421432962
0.0558735123588
0.0632075480821
0.0267282966437
0.0278239664393
0.0348924266472
0.0333441630575
0.0222916189441
0.0253024631421
0.0223044469994
0.00498506468392
0.00773474066817
0.00880144178283
0.00303183750564
0.0
0.00775726252549
0.0136265665819
0.0215700709628
0.0277134199269
0.0306896357635
0.029431274573
0.0355918232919
0.0335498366454
0.0376407717677
0.0451333923912
0.0492151972426
0.0554590366852
0.0632735084497
0.0677713964462
0.0629714583897
0.0699735221033
0.0642258660227
0.0697280403472
0.0583123882921
0.0486897900764
0.0518358321388
0.054071836047
0.0594753073954
0.0656538688429
0.0695153507498
0.0643558720579
0.0469653542772
0.0424374548712
0.0373123285845
0.0348242252984
0.0419860568939
0.0185552620108
0.0202385616241
0.0271763950433
0.0319052498602
0.0387759022526
0.0437758328478
0.0400576145143
0.0479309187331
0.053484724077
0.0501814908274
0.0386380606179
0.0413189900899
0.0356919624978
0.0391809054031
0.0402802475735
0.0426185016939
0.0496345676021
0.039200249593
0.0246281738177
0.0215284189432
0.00369360266838
0.0104761193485
0.0178835687375
0.0252848826114
0.0298849539115
0.013753989392
0.0198550631409
0.0270021847643
0.0288845049683
0.0279453816396
0.02145467222
0.0210311962424
0.0239594348144
0.026680398343
0.0213591187379
0.0246818288476
0.0237877454288
0.0216956576089
0.00451061212871
0.00961834118179
0.0113793680973
0.0150754054738
0.0170799294758
0.0213503953075
0.0285382908199
0.0342828357158
0.0341601129155
0.0367393560046
0.038839911096
0.0451754330713
0.052799512154
0.0584939374496
0.0654311459742
0.069021421958
0.0756387851892
0.074234442198
0.0661836598244
0.0729142455455
0.0802861306515
0.0852816853601
0.0843339296727
0.0906455376616
0.0903028800604
0.0951695019117
0.0991813291048
0.101983695687
0.101194568612
0.102152601748
0.107162704664
0.113029179733
0.119618139525
0.119344509821
0.124498078343
0.122531887307
0.12993310034
0.122885774902
0.124760546313
0.12816410884
0.117191187134
0.118245356761
0.11913402487
0.115061313792
0.109830886893
0.0972171028499
0.1010788161
0.0913709082466
0.0834772522415
0.0874612644911
0.0947573322605
0.101366182499
0.10665615675
0.103024863485
0.10339461269
0.110715147003
0.107794768946
0.11317931439
0.111556248919
0.117715570632
0.123705480309
0.126283445828
0.131777405027
0.136984305665
0.14181850894
0.142265393732
0.140873422988
0.139927002859
0.143475066894
0.149069863744
0.151986956408
0.156294823171
0.156972038054
0.156589375932
0.15881457975
0.163378635733
0.165943824066
0.154646412917
0.151035010749
0.152750318875
0.157759055004
0.157863162273
0.163629016367
0.167732827613
0.172046590006
0.171156399894
0.17002929474
0.162773661732
0.169309869927
0.174882913406
0.182636264633
0.184990950763
0.189490951325
0.194728679308
0.201235869011
0.197140754923
0.202896430839
0.195423474652
0.195773338647
0.193756773769
0.198371085843
0.186561004217
0.187995436753
0.193554346961
0.193509155259
0.200604322304
0.201585396187
0.202471461765
0.208895481633
0.209894507066
0.216759000091
0.222800736271
0.228753479288
0.228498248783
0.227651695597
0.229823890903
0.237818719227
0.239524839808
0.231385481613
0.238152535189
0.226624993083
0.234481814935
0.236971528124
0.241336100263
0.249127647079
0.250508849311
0.256073336817
0.263314880196
0.26913392499
0.252411736963
0.253501896149
0.256064074468
0.263455680057
0.268984204531
0.258288174412
0.26201842133
0.265336128504
0.265817563682
0.258591277475
0.265955909195
0.270754206128
0.273206171908
0.273018574171
0.277545483163
0.278349272569
0.281250327392
0.283439497783
0.278423441505
0.277868291831
0.283574269357
0.282884814028
0.285667977784
0.291896248868
0.290185404187
0.296441134143
0.291964442958
0.295880532374
0.290924683413
0.298677390216
0.306127341548
0.297962750598
0.296426857455
0.294833998482
0.287949546942
0.293725622132
0.301612089267
0.309424258492
0.317139429508
0.31988671866
0.3268008188
0.328318548568
0.326309721321
0.333411181244
0.32094458155
0.323612843845
0.319128275335
0.32218590987
0.324247416266
0.32196882555
0.317064329466
0.317648831125
0.321896816017
0.322129374972
0.325565203388
0.299482036662
0.30421031061
0.311687764373
0.317104211137
0.319138392763
0.31758627671
0.317706331799
0.310183588134
0.314703814723
0.312564028037
0.309418790321
0.317059253991
0.309251331831
0.307333650328
0.305669607106
0.310157178828
0.314728677592
0.316224115344
0.318583415249
0.313074081583
0.320732098824
0.317535574311
0.320503656764
0.324553311735
0.329873649679
0.335084731762
0.335116631264
0.342510999263
0.341529276421
0.334667771144
0.336647398491
0.330150676163
0.336552754759
0.33696492263
0.344150063072
0.344911853251
0.352128749929
0.358392445036
0.365783291809
0.370089272512
0.371505567578
0.376565843038
0.373407460134
0.352498828328
0.359538269329
0.366765252214
0.372511749871
0.378372824259
0.383513240774
0.385411237937
0.392689972558
0.399626276158
0.401231367294
0.402377381204
0.405230937458
0.403450622015
0.410522200126
0.416577034605
0.422061569616
0.428905821607
0.433710060432
0.437085028134
0.441448141723
0.444212983883
0.448052668625
0.446356624884
0.442888292792
0.449218223885
0.452802848035
0.452167961065
0.455719538828
0.448933474384
0.454602785669
0.448917389708
0.456317222278
0.455597347471
0.461829870314
0.468479950107
0.473763453483
0.481208967145
0.486467097038
0.490008343044
0.477255621495
0.480891805848
0.485919097632
0.48580658783
0.479096676737
0.477825917282
0.481522680671
0.483764018419
0.4908546096
0.497601234567
0.495999265426
0.486720766915
0.490604378255
0.493475772076
0.500941973682
0.507332099343
0.50959472379
0.50814445093
0.508127784353
0.512131804567
0.514823390285
0.517015527679
0.506221071544
0.502187042839
0.505181731928
0.472229232203
0.453478474751
0.442300876248
0.443501044308
0.442266291292
0.450109745333
0.451668547163
0.445070082726
0.450622543196
0.456852476074
0.46327641798
0.470373272351
0.47592021015
0.46975474228
0.468237409072
0.472775996575
0.479005935107
0.476952715341
0.482255071711
0.488292166564
0.49526005905
0.499672622302
0.503086698044
0.495253263405
0.497971517253
0.50518897603
0.509127679556
0.50025889435
0.495709741163
0.498289923767
0.497375689317
0.503872375093
0.501427134972
0.504018651739
0.510335514302
0.504268999813
0.510344947637
0.508379988899
0.511401003201
0.516686481422
0.514933163514
0.521834135107
0.512976730462
0.514828785438
0.504015599324
0.488861609857
0.493547211002
0.491576365766
0.494806726378
0.499927329641
0.505901625538
0.510329014078
0.513465612511
0.510253107534
0.515387960131
0.516148090277
0.518466490726
0.517589066069
0.524601712989
0.531156581183
0.53056760961
0.532268827806
0.538903484338
0.546226037529
0.530290914491
0.537694656463
0.543054624938
0.547343523549
0.550782139878
0.553392829123
0.548030241916
0.552510515625
0.537452298639
0.542283119164
0.536016838444
0.524429971821
0.519070182093
0.495686952884
0.492109962625
0.486712183369
0.49381642173
0.50153370003
0.507530693283
0.506578179631
0.510993083383
0.493348199804
0.497363125208
0.499766157038
0.493942279943
0.499210861508
0.503336160532
0.497323799483
0.502255402789
0.492693238773
0.495160041863
0.499585837038
0.50146621613
0.507923709353
0.511024836937
0.509592505158
0.512410839146
0.513383864278
0.512538377613
0.515640436514
0.513907678594
0.521676612717
0.528275776385
0.530336771174
0.536648886933
0.544623662405
0.552326222821
0.551983508613
0.559874698864
0.564206699284
0.566664126481
0.570662305509
0.558712419965
0.558290132731
0.556527679783
0.561958627321
0.566036720079
0.571581587912
0.579326945585
0.577252481861
0.583964714346
0.576639135273
0.558410815565
0.556062522409
0.563416807005
0.568055830321
0.574435968078
0.573356794474
0.57844688037
0.573702765389
0.579759936664
0.567353144972
0.563927688238
0.569194401216
0.576035889732
0.568357901786
0.572453441109
0.57381130782
0.576626743043
0.580632130406
0.588624374268
0.593418953821
0.601359198569
0.604945500128
0.608173737226
0.609286818264
0.617007678099
0.622851665319
0.610262847938
0.61346801293
0.610219961792
0.609334069873
0.6115962525
0.618773546893
0.609005703884
0.602966970023
0.601824741387
0.607769083481
0.610058370081
0.613950937568
0.619768574705
0.625188127066
0.627345597176
0.616809784224
0.616076901332
0.61993190261
0.599643439812
0.603076594466
0.607667675927
0.614771574505
0.621093953549
0.626875180621
0.633534792313
0.637769297952
0.63880429969
0.627937039483
0.634304073553
0.636644106665
0.641722079509
0.641044874217
0.645453997141
0.638570458708
0.630252502637
0.635290442419
0.63101525907
0.634803429979
0.615010218397
0.62255935152
0.603317983328
0.591563350197
0.596925121619
0.603884986326
0.606143501671
0.613229379436
0.620067513674
0.620045968483
0.622981763234
0.627374262218
0.624915148458
0.626326709909
0.628278053845
0.632089019695
0.635611640931
0.642006542412
0.640095735658
0.646492570515
0.652300195671
0.655141067677
0.657447644957
0.650825908898
0.65720649728
0.664105646531
0.667603100362
0.666620297695
0.667486156699
0.674924663769
0.678237302589
0.681927832132
0.67903560346
0.684978897672
0.689730652112
0.694067092101
0.686577707169
0.693291717996
0.696576350653
0.698947379597
0.703118010508
0.694300087679
0.697084961582
0.702265084208
0.708321710111
0.706058572606
0.709285779556
0.71227926981
0.715031651976
0.718450977003
0.724977509705
0.722141589691
0.691436773155
0.693496426063
0.694095548757
0.695026055505
0.673990188627
0.672087651938
0.671692488785
0.676003897814
0.683984635332
0.689297107048
0.686004841594
0.693095864209
0.690888708923
0.694989600092
0.694202358176
0.700313286723
0.697962232431
0.701803548686
0.70315514487
0.69858564952
0.705664894611
0.689455517363
0.6923445858
0.693020561562
0.699743827859
0.699377244462
0.699348478801
0.70320764829
0.706723480842
0.706441970435
0.713690954768
0.71503880055
0.720596668754
0.728538769771
0.721921175068
0.720531908339
0.720534089309
0.727100061067
0.729511124693
0.737413521071
0.745411797325
0.750358245235
0.758040858794
0.740482532698
0.739501246183
0.738979272663
0.744436397748
0.744123694855
0.748349296598
0.755863045115
0.753225269307
0.753450396465
0.756403427064
0.762290004355
0.748017989997
0.744721571201
0.746230514355
0.745426997628
0.743320529551
0.740362932219
0.736655607293
0.743130718801
0.749219893871
0.756426751699
0.754902377958
0.760088485847
0.745943864215
0.753394035662
0.759061549411
0.764963925539
0.76395420008
0.771860117085
0.770271111096
0.778042748951
0.771539607795
0.775271043503
0.779239717012
0.78235481697
0.778922364312
0.786352241661
0.777025738152
0.75064876802
0.747455949226
0.747299564423
0.749989603496
0.755377619866
0.763314496945
0.760431049464
0.76468439344
0.770386864165
0.770167426679
0.759385628299
0.766541994661
0.765336519174
0.768521545625
0.76980683753
0.774300354702
0.781040478322
0.769905628168
0.768808839559
0.772126599732
0.77541249507
0.782350521754
0.779204113151
0.763845774076
0.738693151491
0.723661209763
0.725025960632
0.731472848185
0.724573613151
0.732189466737
0.728370607557
0.735479343771
0.727590346377
0.73352136392
0.733334512005
0.739390334502
0.737604550752
0.732999816534
0.728918507457
0.710387441637
0.711844546742
0.701591151388
0.706224175711
0.712437967062
0.70971891929
0.714170083132
0.717268839487
0.725088027514
0.721689116558
0.72688608157
0.729142490511
0.737004915815
0.739235616391
0.735575010067
0.740166391717
0.743232837032
0.724495605529
0.729572955461
0.721750928981
0.725178534749
0.721249076686
0.71173002276
0.715802556195
0.719771097375
0.724187031467
0.720889861757
0.726877887552
0.734240178173
0.724990826722
0.729832507969
0.714166790359
0.716261438372
0.722022804386
0.727093946283
0.734174993816
0.73983256576
0.74142121304
0.748354031988
0.745419160146
0.7532042053
0.753489262736
0.756577657812
0.749424726388
0.757177997628
0.759406306193
0.765285433671
0.766713846806
0.756530437388
0.760580091605
0.766915128485
0.773099078741
0.767304265213
0.772815808732
0.778453776255
0.778029017843
0.784825031929
0.787751870392
0.778647814755
0.784124488019
0.775062665651
0.775358966
0.779782927312
0.784527081463
0.782024189626
0.773423727747
0.78030583482
0.787614933084
0.788143946773
0.782306750777
0.789885792332
0.796105687745
0.800954749823
0.804824690176
0.794645729183
0.801707272248
0.803789827666
0.806768246078
0.811020710962
0.813520063892
0.820751489006
0.825540688305
0.82667571472
0.828264401183
0.825167937496
0.828650588981
0.835042826903
0.82196029621
0.827672380814
0.83304389007
0.83214296252
0.83393926111
0.834868998662
0.810403899414
0.812988770026
0.814769419612
0.819181797887
0.817182900129
0.808646260855
0.807922451055
0.811201607486
0.806468313957
0.806605867173
0.803296855875
0.789695961678
0.796137990818
0.800825227106
0.807574101412
0.803603257436
0.804421899639
0.801603784077
0.77299075711
0.77547353291
0.782289777872
0.780776117617
0.765199800959
0.772232248017
0.77102129023
0.770846337152
0.772744103562
0.759137476696
0.743668638297
0.738060737946
0.739458154863
0.71381722038
0.717132320685
0.702880046303
0.674019419965
0.678027864396
0.684983676213
0.690380117829
0.689012297816
0.670793395453
0.668144900696
0.675481407341
0.680343804587
0.668426996497
0.674149912449
0.675814101778
0.67972130502
0.650567631386
0.655640253267
0.661736521429
0.666043649252
0.67160384863
0.671208920684
0.66624515169
0.663071234278
0.634056378723
0.639710865206
0.646080370865
0.65305255946
0.652852173549
0.657995851117
0.663638527141
0.671172475347
0.67575182226
0.669720311135
0.662451492143
0.667709204763
0.660262615647
0.651753343121
0.657979936513
0.659272704141
0.660879821691
0.646468092075
0.651547862056
0.646335451172
0.644391574067
0.649668266055
0.655231428739
0.66084948824
0.6665836173
0.654463448777
0.66138078635
0.634010451604
0.630866679586
0.636589375059
0.619767020672
0.625682396863
0.629795119448
0.607194434475
0.598187379261
0.592951943472
0.593977717041
0.58793242721
0.578908844513
0.57968588781
0.583454294103
0.58492942316
0.591797415849
0.591685160476
0.591860703987
0.590656321985
0.594103041233
0.595765813884
0.60146907617
0.605122046435
0.605503538757
0.613371951582
0.620147043223
0.604399191281
0.596432921393
0.596683631758
0.603683597836
0.589761246844
0.596763577562
0.600894482316
0.6085068768
0.612912486185
0.611482364669
0.616403021807
0.61879147627
0.619283180413
0.61588288086
0.606757444982
0.613911484102
0.604439568534
0.605306546444
0.600984993446
0.607916808053
0.599729700052
0.602309302064
0.609424097611
0.615264963565
0.612183111366
0.619263684515
0.615323200907
0.601741111733
0.601453793983
0.594866103004
0.600436673342
0.604396012972
0.610008365914
0.614894229634
0.622076834136
0.619276282176
0.623259894346
0.628841915979
0.632104092137
0.638794535805
0.638097707833
0.643021915432
0.644739626517
0.651172765615
0.655028815893
0.661935674103
0.668696997925
0.674668000421
0.682647155088
0.687862287412
0.69370241436
0.699952253367
0.697445242967
0.702170084212
0.704659538075
0.704717051701
0.706921965501
0.712088916412
0.683218193986
0.672239313808
0.638079417514
0.633098812315
0.639890269845
0.615501906358
0.623071859561
0.62674260461
0.632850963025
0.63242551745
0.616822310812
0.621942693522
0.621617727511
0.61899741021
0.609353301654
0.616551598668
0.62007248199
0.620258872118
0.626732343376
0.630691714879
0.636169681207
0.630812035265
0.636587219516
0.61669059423
0.583954491386
0.588041765775
0.594691137104
0.600382517675
0.608193371836
0.607411958972
0.603311734643
0.608039669572
0.608363290752
0.605713217203
0.606239661306
0.61403096384
0.618830020086
0.623241736806
0.620450516538
0.622544201861
0.598733676473
0.606224787308
0.601024219306
0.604740196454
0.611238478177
0.616513216301
0.617592163982
0.612692114545
0.612742714591
0.612011424642
0.615682335181
0.615671318917
0.616861270306
0.622138936532
0.619335875502
0.61773964977
0.624843342219
0.629604855506
0.636608186481
0.636936438374
0.639980241642
0.6445319459
0.637200205033
0.643187332014
0.639792844111
0.632509791581
0.62521059071
0.631481093723
0.637444792847
0.641437952797
0.646359855609
0.634464092106
0.640069257326
0.640059005952
0.645579063491
0.648771204108
0.630900993977
0.631246783803
0.634554828985
0.634766370985
0.641285384978
0.639782621584
0.647403092651
0.651617846106
0.652295885666
0.659666013662
0.648778030338
0.638972089789
0.645975064676
0.65056576163
0.656865399685
0.664674281596
0.66674171944
0.663037516017
0.670202568522
0.675860129419
0.674516192141
0.677205737713
0.684344361749
0.689818815808
0.665114193813
0.671542292547
0.6776094603
0.682448958875
0.684878710988
