0
0.0
0.0
0.0
0.00381047164511
0.0111137549999
0.0100281490969
0.00423028882068
0.011101504313
0.0126982445852
0.0176067634835
0.0217343308106
0.0123456593786
0.014239005201
0.0169380174016
0.0072552622424
0.0
0.0
0.00645358954773
0.00894689960656
0.0167251091999
0.0238743326809
0.0303347280576
0.0190898843221
0.0227592577071
0.0230857600106
0.0279614616206
0.0345029082378
0.00181721755637
0.0
0.00497863328242
0.00667865088611
0.00774366130541
0.0102445704168
0.0164301793769
0.0195536801374
0.0244688535385
0.0308910527833
0.0308982814784
0.0365533797301
0.0221209811365
0.0244640945194
0.0305415898343
0.0317411405033
0.0255842085945
0.0259170609667
0.0307923600436
0.0340757300812
0.0417381949205
0.0426515670196
0.0454291075898
0.0418188062092
0.036508420907
0.0439090515459
0.0352535405793
0.0382011124171
0.0390443694389
0.0451401655184
0.052833376225
0.0608156054713
0.0259850039566
0.0221477157907
0.0276928233004
0.0299689338077
0.0158173097633
0.0234512889206
0.0300005497986
0.0323668670425
0.0217224987127
0.0127741699569
0.0192948107845
0.0267223401366
0.019024781012
0.0197808144489
0.0266299795631
0.0206610822294
0.0225740773402
0.0195865991311
0.0194434147662
0.0175565559372
0.0253729720258
0.0216964703218
0.0287945804728
0.0317522984501
0.0387232834696
0.0436876717614
0.0498271721506
0.0551380062401
0.0552447217481
0.0587655961247
0.0452007651172
0.0320091028001
0.0383420823531
0.0338858476041
0.0305165376038
0.0349196344343
0.0417557548819
0.0489045094591
0.0462641454652
0.0334005917345
0.0
0.00381692106783
0.0026849799962
0.0055887685442
0.0128281599384
0.0199926793895
0.0
0.0
0.00742142327991
0.0
0.0
0.00116597515048
0.00119198611888
0.00748108907293
0.0065748538813
0.0
0.0
0.00089520639433
0.0054073299359
0.0078185312749
0.0
0.00331381294404
0.0104823265461
0.00203980893685
0.00696425023432
0.0
0.0
0.0
0.00322749951411
0.00825189964173
0.0107141917942
0.0
0.0
0.0
0.00672720262524
0.00801883601115
0.00967279219953
0.0
0.00312475889636
0.00501231494337
0.00356279680077
0.0111804642694
0.00197905204264
0.00874836220928
0.0158919454972
0.0199588251804
0.0150535140506
0.0202744656748
0.0268938225794
0.0192872199088
0.0117837937897
0.0107822325103
0.0117294968352
0.0179856566682
0.0187997513749
0.0213715498041
0.0157710763797
0.0197720516355
0.0208159134891
0.027771534352
0.022143530711
0.0271043652402
0.0318745704269
0.0291147927717
0.0293813591211
0.0288023256336
0.0296117564499
0.0302723085394
0.0372144058058
0.0439419646842
0.0331935508525
0.0392453645698
0.0461439857666
0.0524022450552
0.0579535294237
0.0597132504449
0.0646411253236
0.0721602342523
0.061876554185
0.0647939762938
0.0721010425457
0.0750033335293
0.0827655783146
0.0897463346403
0.094840044553
0.0998555791279
0.0954633944056
0.102789109248
0.0987384316218
0.100573086052
0.0907454971677
0.0857958052653
0.0919572805836
0.0986915381356
0.105682555098
0.10452828957
0.0883394821429
0.0891185058703
0.0903044190842
0.0898469158882
0.0928154410729
0.0935387665833
0.0890467220936
0.0922081846661
0.0892927864427
0.0897273722096
0.091094092818
0.0912966299528
0.0991089570334
0.091815556282
0.0972749374473
0.104074990256
0.110330237427
0.109051711426
0.107369346225
0.105278675103
0.103291853259
0.108549201216
0.116454613343
0.0860909691766
0.0830750745385
0.0837825687791
0.0889826741485
0.0900207182097
0.088437105986
0.0946122123094
0.0992052055159
0.096996464582
0.0984667154336
0.100584763916
0.090296582346
0.0737600806635
0.0808823120033
0.0854330019046
0.0828431306373
0.0847084388768
0.0588359034277
0.0473783671125
0.0491915826849
0.0514768097953
0.0594331225727
0.0487594866957
0.0522514989985
0.0528699036352
0.0587952905867
0.0638869691845
0.0681937376759
0.0697349557535
0.0619695572495
0.0650341360112
0.0652093535132
0.0717175992894
0.0730880304485
0.0759962929037
0.0839167978529
0.0877693530397
0.0942887080714
0.0958533864583
0.084526107868
0.0857723125402
0.0865298205249
0.0917087037583
0.0926026621046
0.0996988484943
0.0891041399779
0.0823861269208
0.0887787966686
0.0967533564803
0.0970712783473
0.10185317404
0.102686507197
0.108852094313
0.114893554977
0.102310379579
0.10550835781
0.11325924498
0.113432433235
0.117784091613
0.124256027356
0.104213888616
0.100664273053
0.0976182171678
0.102874881276
0.109685331063
0.109548422101
0.114536235145
0.119797270128
0.112706499305
0.119277272933
0.121801234641
0.122395244164
0.126029900394
0.12440317932
0.115862110989
0.11985433497
0.119332476749
0.123116746153
0.128213929933
0.114831443556
0.119977757832
0.127541274293
0.0862695280938
0.0457866179369
0.0483018867224
0.0443185782356
0.0422659357633
0.0494658528572
0.0533975793078
0.0592923813736
0.0610343735226
0.0663042061796
0.0715096710629
0.0774163115525
0.0797045431125
0.0661390145267
0.0718076116799
0.0736732373062
0.0710147981155
0.0499692392273
0.0536684876967
0.0479599360625
0.0448754751357
0.0321118246409
0.0300708169918
0.0255612113387
0.0306922634205
0.0383780181881
0.0304783056561
0.0333720383231
0.0292092209958
0.00566361458536
0.0127898997916
0.00543514448793
0.00904062366167
0.0161086343548
0.011965317776
0.0181843367287
0.00208245607421
0.00798571568534
0.0124945891851
0.0
0.000730882643911
0.00868006780349
0.0122953959539
0.0167224356953
0.0111639957977
0.0
0.0
0.0
0.00695201178632
0.0103102270918
0.0135718023661
0.0213806664639
0.0133974918946
0.00905964421962
0.00950643353174
0.0142859865995
0.0221110665545
0.0110563067177
0.0168785971445
0.00668791218527
0.0136312575788
0.0146164675647
0.0221588386912
0.0301132355575
0.0343569144678
0.0340194796175
0.0412801436326
0.0369338395719
0.0266284941464
0.0318606282378
0.0379832369092
0.0385720032299
0.0405677002003
0.0435390160216
0.0413743984155
0.0480193003373
0.0546138943185
0.0597315878565
0.0662436732248
0.0738768573292
0.0731829340911
0.078425702962
0.056239766219
0.0612521467653
0.0624903722906
0.0652445274779
0.0640777898725
0.0715871653878
0.0780908505226
0.0739639053676
0.073628795992
0.0679565759157
0.0678848540064
0.0740170841624
0.0774982943637
0.0801151596354
0.0878287340392
0.0891924077091
0.0918807607027
0.0991005868488
0.105609268262
0.0991659540516
0.104192578426
0.11171380257
0.119100591042
0.101802430438
0.0912125289305
0.0932625879372
0.0898862932395
0.0949815585091
0.0902743069735
0.060027484313
0.0662291193432
0.0728572646257
0.0723747794942
0.0658534727543
0.070633808995
0.0750484393772
0.0813854817444
0.0835132766574
0.0803449834782
0.0700385998215
0.0613004339132
0.0654117705614
0.0416805155033
0.04906202903
0.0529181230024
0.0514064621843
0.0527624358995
0.0597342487456
0.0649017798279
0.0567439180865
0.0623157877788
0.0654243353786
0.0545205996098
0.0557684297438
0.0629580296393
0.069540277049
0.0762226904645
0.0522005889338
0.0553809613544
0.0631339833548
0.0699725275657
0.0758744499011
0.0764637290133
0.0767730481245
0.0845085304813
0.0908488149371
0.0896990683257
0.0967947374055
0.0989634649303
0.0998937563895
0.0975405802302
0.0816501028635
0.087602229121
0.092021050846
0.078900285654
0.0653431251463
0.072685491915
0.0768771832037
0.0650345316963
0.0691115795117
0.07601674644
0.077429782045
0.0843127213541
0.0865986974311
0.0875032291284
0.0877720673074
0.0787793119378
0.0852663512773
0.0680458492279
0.0594945505815
0.0666002893502
0.0401242667518
0.0386418104426
0.0286749451331
0.0345140349871
0.0329767355297
0.0379954555804
0.0393909646126
0.0466874066075
0.0428998724105
0.0396733911476
0.0450685023708
0.0523347597337
0.0562932567364
0.0624831180027
0.068851074334
0.0682474689646
0.0672676533869
0.0750129957007
0.0774368621943
0.0851381045251
0.0842950104209
0.0904412500317
0.0922949275194
0.0993469433707
0.0848094769241
0.089031177228
0.0932107143412
0.0890371247746
0.0781452617436
0.0829833287562
0.0842628040571
0.0794443785641
0.0626766322165
0.0635758646681
0.070507113483
0.071232419403
0.0682801331653
0.0734473272672
0.0770674292586
0.081383679407
0.0853719003313
0.0838757250155
0.0907962590994
0.0957989136718
0.0966095841146
0.0953937497102
0.0977713460856
0.0884571621007
0.0937822951294
0.0916347279621
0.0780559440394
0.0826151327608
0.0819878111806
0.0850351397008
0.0914309707748
0.0853707823843
0.09131310129
0.0966540959497
0.103247662778
0.108052064029
0.0985852860777
0.102806511364
0.109928691711
0.116938673931
0.120768714952
0.12209186024
0.123981808292
0.113983766466
0.118775529064
0.109615532366
0.110513508418
0.100814452505
0.100585991458
0.105921932891
0.105498428782
0.104374580196
0.0949195788962
0.092652236964
0.0940538246472
0.0992579445437
0.104880133078
0.112022575577
0.119117103845
0.125632234488
0.121408438436
0.124156656989
0.116878664589
0.116944361711
0.124595743674
0.12876072198
0.129577155629
0.135267983375
0.134951903815
0.142929937847
0.136645135507
0.142115423484
0.147601009187
0.154835226056
0.144156653553
0.145315519389
0.134182336848
0.137818538059
0.145550620153
0.132188750285
0.134293128589
0.137559348776
0.141743309448
0.14793461636
0.143153534576
0.14567194127
0.151098166196
0.136526961305
0.144367742897
0.144243123241
0.149014453107
0.153396361884
0.152967805326
0.159981340564
0.16723890163
0.169066682619
0.165674055329
0.171016871517
0.170327176446
0.164665860465
0.170602741272
0.170451941504
0.174030771448
0.181039376493
0.188361419262
0.159194159959
0.161356351278
0.153726995272
0.137620149833
0.137132144613
0.140182437376
0.14613233773
0.149099990399
0.149769539056
0.147242539075
0.134350406095
0.138258562419
0.142111220447
0.131863083923
0.139261697976
0.140789508997
0.133001699116
0.138019327132
0.138093430869
0.139212907163
0.143833603975
0.149694799384
0.148696722901
0.150482410592
0.138118176615
0.137568782205
0.139556527499
0.139871030157
0.129219618316
0.136373515939
0.141411647404
0.14131840768
0.142787276697
0.142368197633
0.141799149117
0.146948317009
0.136466836554
0.109233158092
0.105266410399
0.104837494617
0.107959437145
0.113853899477
0.0993823611653
0.107341803729
0.114609126456
0.119514230053
0.126711741647
0.120426041482
0.124358585828
0.128428258081
0.135420990391
0.13324594095
0.131794253121
0.134878712476
0.126008948649
0.123512606458
0.127140473761
0.126926737427
0.129460594415
0.129929641901
0.137536968653
0.143314246659
0.144241362349
0.141255372773
0.147408236488
0.14705038974
0.151700084963
0.154410999629
0.15389426415
0.159052953084
0.164949899465
0.163197856446
0.152083843293
0.156282858778
0.16193708526
0.169789210387
0.160331043839
0.151081667883
0.157557343207
0.163789350347
0.166811080221
0.1703806989
0.176866504578
0.179570790699
0.178973021942
0.18507252978
0.187400189939
0.174828580752
0.180110910449
0.183024730928
0.188428058231
0.188277109618
0.178899440408
0.178680618069
0.185098770928
0.17807740987
0.183087530456
0.185853149715
0.18533290072
0.187313878106
0.186824893263
0.190815640804
0.185507718797
0.180276386216
0.18620953825
0.186952634464
0.194899540588
0.190078965828
0.192707657341
0.199286906223
0.206746861168
0.210859347366
0.21557011262
0.216597075651
0.215727295762
0.220301922169
0.227116028025
0.227658655928
0.22135393297
0.22685601987
0.230845345272
0.23139304824
0.233752823701
0.234305755967
0.238561929744
0.238539827047
0.243648012437
0.250059906258
0.253457166601
0.260882706274
0.263471507009
0.263661452324
0.263311827489
0.268992203314
0.264230000832
0.267969027128
0.274657158441
0.269706583935
0.259104719942
0.265601236113
0.22804125999
0.229455741883
0.218049598201
0.213763234632
0.218096566393
0.225354595169
0.213195875868
0.206737106482
0.21054746992
0.213208065089
0.211750049753
0.20571527653
0.213677520497
0.219130489975
0.223745295143
0.214567186369
0.215134705893
0.222661156835
0.223481076999
0.216818390008
0.221602110941
0.228884645711
0.224680623992
0.20831394493
0.212728694797
0.216219347064
0.218724419867
0.224671703014
0.228843926797
0.236739936439
0.228687736726
0.22521185799
0.226018919117
0.223152392977
0.22196566845
0.191402825467
0.189177216647
0.194227428229
0.199838790357
0.19289845927
0.164880061947
0.16766584653
0.172046208302
0.178475912456
0.184971815892
0.18648698791
0.186296100145
0.18306116065
0.176741529738
0.169583119445
0.171927626501
0.179335812664
0.177753969465
0.183683933621
0.189011859301
0.192695745924
0.190572483061
0.192938195113
0.198630655142
0.192039090913
0.198040443512
0.202363371025
0.20927540418
0.181398544493
0.184781892918
0.186002551515
0.176648016111
0.18210485618
0.189883021151
0.163861238646
0.170938037934
0.178592058968
0.179802384572
0.184853422389
0.184819384892
0.184816604027
0.185383400444
0.177981465179
0.17409206651
0.151869482082
0.158040097511
0.162195392371
0.16521899875
0.168125774536
0.169867716933
0.176711322584
0.179420210513
0.1756985402
0.175352012141
0.151620574079
0.15155937889
0.159441043905
0.163055443632
0.166799630808
0.170490142139
0.17821582172
0.182427950815
0.188487897585
0.195222772496
0.203160817848
0.205600279343
0.205977952157
0.208419626777
0.205879646674
0.2082002141
0.209905579738
0.197306730618
0.200762549753
0.202813661475
0.203016812135
0.205845950129
0.20918265913
0.202367323202
0.206151249797
0.21203383114
0.219228452042
0.222644157971
0.224376961629
0.216016310786
0.219971617144
0.21469815921
0.215102559471
0.215178432268
0.219457051074
0.221992747817
0.222281819036
0.223424003331
0.229395776938
0.219912707873
0.217721704316
0.223842075091
0.229433234113
0.230777583295
0.237961325144
0.245368955357
0.25085850031
0.255021067058
0.257553414285
0.264270268253
0.262323028307
0.265172801352
0.272969292556
0.279854311685
0.283432996654
0.28104716146
0.282320714444
0.282622425104
0.283229161106
0.285323176378
0.288120130548
0.28913035497
0.284471769532
0.291911548819
0.29550523506
0.29660230491
0.298455107705
0.295756284043
0.3006462952
0.30339242581
0.30995641211
0.314561210948
0.315964195378
0.322788573459
0.301834386043
0.295825618501
0.303691936074
0.310324397907
0.313248141074
0.318008851156
0.316047431924
0.3193853747
0.322587870174
0.31099452115
0.317819045748
0.306814121965
0.304397831978
0.30683736754
0.306567899631
0.293956109431
0.299472572719
0.306251167583
0.299385099987
0.304437879218
0.289819603113
0.28712439242
0.291295920855
0.270083798621
0.277915905432
0.272462064862
0.276571277843
0.279937913875
0.28149337241
0.287093001349
0.293665350256
0.282177800008
0.289054895078
0.295504385172
0.294799570524
0.302007521865
0.301431689789
0.300446531878
0.298516307765
0.300522963285
0.306151729128
0.313949502488
0.321509783778
0.328880552677
0.332937009297
0.337390765356
0.33886802947
0.345217914253
0.351354973281
0.355432413424
0.353958424511
0.341128557096
0.333367411851
0.336932121313
0.341958961301
0.340780591333
0.342604866887
0.344961408343
0.334064498043
0.33600195677
0.331797129561
0.337700560548
0.335621701553
0.326602123107
0.325215808322
0.329141208382
0.322755942975
0.315017180288
0.31677519626
0.324727931005
0.298556585846
0.306340261272
0.306932422728
0.311072782191
0.308158444067
0.308762738311
0.313812061578
0.307151034374
0.299827374958
0.302652459565
0.309610300012
0.312902792719
0.316961427968
0.323477145648
0.319109138393
0.325605513145
0.33169542218
0.331239743633
0.323474893417
0.32577901048
0.325447768754
0.325394291181
0.325077013844
0.308482897326
0.314663155666
0.313754958741
0.314057962439
0.319774630954
0.320766972531
0.301531040083
0.306635018933
0.312396078464
0.319560723241
0.32532339948
0.331472718596
0.3354922224
0.320635161569
0.299629013795
0.301443100101
0.297709755474
0.28818078077
0.284292468011
0.282376943569
0.289017445866
0.292905779431
0.298854926279
0.294991889253
0.295145780678
0.287655807136
0.275532359706
0.259504922711
0.264813258623
0.244830014136
0.252727446452
0.251472483076
0.241432957101
0.245307593313
0.233727208043
0.237053218265
0.232703141479
0.240068834279
0.243251910681
0.24773649842
0.23559503724
0.24327081072
0.250199640072
0.257904133187
0.261860117237
0.264126336208
0.266965180449
0.27352910665
0.269582941506
0.267029487262
0.256449648005
0.258202449599
0.251808395434
0.250670978207
0.24267624865
0.237788479756
0.242758141412
0.246829513885
0.25165954313
0.245317813116
0.237549116875
0.236235868917
0.236582458617
0.239777089813
0.242373554324
0.230720124696
0.235190895114
0.23371200651
0.23563873184
0.213508377905
0.213317357095
0.216858117699
0.208433448552
0.213592609079
0.219942750124
0.185972077159
0.181382869644
0.18442278149
0.192244354523
0.184946339293
0.192290835945
0.181188932093
0.180095554342
0.187069394358
0.138866803991
0.140226954277
0.143552078904
0.139988463516
0.143522340284
0.137178789749
0.12570493626
0.132061322553
0.136607976947
0.123753318696
0.109303044556
0.0993753939901
0.0901712383145
0.0944517721343
0.0884719863872
0.0892668035035
0.0900694335833
0.0935999594852
0.0931691067141
0.0884363004979
0.0857078028977
0.09181779563
0.0962342153987
0.0992496486782
0.10718790413
0.102705389757
0.106950188679
0.112946446718
0.113844777915
0.115219340596
0.118391002793
0.120193413004
0.121205626853
0.125613400454
0.131112307899
0.132637151468
0.124238352312
0.100341265144
0.0964480816247
0.103754722536
0.0975956647556
0.0986472972564
0.103113587142
0.0979863444136
0.0989643600747
0.096162873673
0.102478333164
0.0951626285651
0.0924878893671
0.0994381043985
0.104612985173
0.10887511871
0.109918607289
0.111129072843
0.0952679781173
0.0919308384655
0.0970098586698
0.104592204476
0.104901455471
0.102710100995
0.107591339516
0.114263106258
0.102396005609
0.108887950793
0.0931211292369
0.0951155541793
0.0980281485838
0.10059788339
0.107386829974
0.0963776733341
0.104131259028
0.109529835282
0.11684872526
0.122653292112
0.130387798382
0.13256641211
0.111946558854
0.108195164836
0.0600548738362
0.0451199655322
0.0449710684292
0.0347682359266
0.0419685304688
0.0377901408424
0.027740105433
0.0106058919059
0.00662337695849
0.0112624517878
0.0146709912027
0.00931022170719
0.0136552142792
0.0065393211799
0.0
0.0
0.0
0.00505831945779
0.00336525610921
0.0
0.0
0.00275990907556
0.00324735748014
0.010471408103
0.0174736079148
0.0248931528583
0.0327367888898
0.0235441976635
0.0311035427862
0.0296461913004
0.0352244768381
0.039707663354
0.0472314403106
0.0513216139286
0.0423175124521
0.0347193659295
0.0319944476326
0.0375319540121
0.0439450139519
0.0509372777976
0.0528333806433
0.0458277417776
0.0147400883036
0.0191064089708
0.0264057248582
0.0271496374485
0.0147353693582
0.0206795699269
0.0172520497945
0.0198644011524
0.00866518818101
0.00972055659239
0.00997970652607
0.0104632730439
0.0116220795837
0.00912282495684
0.00879139219198
0.0137264061248
0.0
0.0
0.0
0.00598149082542
0.0130915058689
