0
0.0
0.0
0.0
0.00491217655769
0.0
0.0
0.00304174793651
0.0100580071966
0.000168888102975
0.0016860914759
0.0
0.0
0.0
0.0
0.0
0.0
0.00280056926186
0.0
0.0
0.0
0.0
0.0
0.0
0.0
0.00211500333636
0.00761278839955
0.0
0.00602761989422
0.0
0.00146613626318
0.0
0.0
0.0
0.0
0.0
0.0
0.00729415179148
0.0
0.0
0.00680939739581
0.0100211386231
0.00988490768585
0.0
0.0
0.0
0.0
0.0
0.00496938269179
0.010806646804
0.0140261695859
0.0
0.0
0.0
0.0
0.00589172248138
0.00863439490415
0.0165453728263
0.0104374817019
0.0121893132748
0.0142806836186
0.0115387945028
0.0
0.00123685790442
0.0
0.0
0.000418168666861
0.0
0.0
0.0
0.0
0.0
0.00325153068293
0.00827850797045
0.0
0.00798108521027
0.00157369937231
0.0
0.0
0.0
0.0
0.0
0.0
0.00605478481176
0.0
0.0
0.0
0.00578237268805
0.0
0.00479557433723
0.00987383709688
0.0
0.0
0.00336987183963
0.0
0.0
0.00264664310116
0.0
0.00565663564255
0.0
0.000478233904899
0.0
0.0
0.0
0.0
0.0
0.0
0.0
0.00768570768755
0.0
0.00576917188249
0.0
0.0
0.0
0.00467679503201
0.0
0.0
0.00384583311448
0.0
0.0
0.0
0.0
0.00185848631534
0.0
0.0
0.0
0.00199143888844
0.0
0.00124067357324
0.0
0.00329117109812
0.0
0.0
0.0
0.00771379460228
0.000438859260246
0.0
0.00490949323227
0.00360285072142
0.0
0.0
0.00264910356445
0.0
0.0
0.0
0.0
0.0
0.0
0.0
0.0
0.00628174413811
0.0
0.0
0.00026365232924
0.0
0.0
0.0
0.0
0.00738405771288
0.0
0.0
0.0
0.0
0.00263061635507
0.0
0.0
0.00692549814413
0.00399091907379
0.0055613307803
0.0128154614034
0.0133711955855
0.0
0.00176721021078
0.0
0.0
0.0
0.0
0.0
0.00527024173715
0.0
0.00699080586037
0.0108106640352
0.0157654024336
0.0
0.0
0.0
0.00456474219646
0.0
0.0
0.00733854987088
0.0
0.0
0.00789132653903
0.0
0.0
0.0
0.00314691302782
0.0
0.0
0.0
0.0
0.0
0.00768146278671
0.0
0.0
0.0
0.00598209369569
0.0098499884714
0.00794112988799
0.0152395921064
0.0
0.0
0.0
0.00690204229433
0.0126956645503
0.0
0.0063175347328
0.0
0.0
0.00314000709586
0.00716864440097
0.0
0.0
0.0
0.0
0.0
0.00602801233034
0.00568399059371
0.00410968441142
0.0
0.00607815780558
0.0
0.0
0.0
0.00739053593092
0.00511238863113
0.0
0.00525055510782
0.0
0.0
0.0
0.0
0.0
0.0
0.0
0.00152557134631
0.0
0.0
0.0
0.00369203138872
0.0
0.0
0.0
0.0
0.0
0.00658688893181
0.0112393571463
0.00190936378935
0.0
0.0
0.0
0.0
0.00357957901842
0.00410634812801
0.0
0.0
0.00313319521264
0.0
0.0
0.0
0.0
0.0
0.00364370809734
0.0
0.0
0.0
0.00306170756204
0.0
0.000390166515539
0.00096427463436
0.0
0.0
0.00540884489277
0.0128402477356
0.00274107072516
0.0
0.0
0.0
0.0
0.00570439707598
0.0026938540089
0.00760866834035
0.0
0.0
0.0
0.0
0.00760339805973
0.0
0.0
0.000466111191647
0.00397091103526
0.00770504398896
0.0
0.00127570101477
0.00343394746214
0.0108064405715
0.00275678348894
0.0
0.0
0.00307278262136
0.0
0.0
0.0
0.00741883499809
0.00137693648395
0.0
0.0
0.0
0.0
0.0
0.0
0.0
0.0
0.0
0.000964786480292
0.00189377579468
0.0
0.000833713938903
0.0
0.000847183682255
0.0
0.0
0.0
0.0
0.0
0.00214913551622
0.000964634013624
0.00561157165706
0.0
0.0
0.00657573846457
0.00919396963015
0.0160288448885
0.0221696625216
0.0
0.0
0.0
0.0
0.0
0.00344068748236
0.0107590875262
0.00448930555588
0.00122822874521
0.0
0.0
0.0
0.0
0.0
0.00618313908371
0.0
0.0
0.00586386452626
0.0
0.0
0.000145182015629
0.00266276898956
0.0
0.0
0.0
0.0
0.0
0.0
0.0076414621712
0.00965776202809
0.0125100573122
0.0
0.0
0.0
0.0
0.00382843986767
0.0
0.0
0.0
0.00644566236406
0.0
9.17491749437e-05
0.0
0.0
0.0
0.0
0.0
0.00539760041953
0.0
0.0
0.0
0.00636427920189
0.0
0.0
0.00347971442991
0.0
0.0
0.0
0.00188946038876
0.0
0.00648256511079
0.000118355417479
0.0
0.0
0.0
0.0
0.000850266823587
0.00468095728028
0.0
0.0
0.0
0.00461867684569
0.0118197983076
0.0112786217782
0.00697436356045
0.0132860080782
0.000577680451034
0.0
0.0
0.00702150423814
0.0112378387234
0.0
0.0
0.00592154913345
0.0
0.0031019380284
0.0
0.0
0.0
0.00164222266165
0.0
0.0
0.0
0.0
0.0
0.0
0.0
0.0074095864825
0.0
0.0
0.0
0.0
