0
0.0
0.0
0.0
0.0
0.0
0.0
0.0
0.0
0.0
0.0
0.0
0.00677722569048
0.0
0.0
0.0
0.0
0.00085202262213
0.0
2.60661967533e-06
0.0
0.0
0.0
0.0
0.0
0.0
0.0
0.0
0.000534521235398
0.00706246771976
0.0
0.0
0.0
0.0
0.0
0.0
0.0
0.0
0.0
0.0
0.0
0.0
0.0
0.0
0.00191302046988
0.0
0.0
0.0032552688655
0.0
0.0
0.0
0.00759937214955
0.0
0.0
0.0
0.00347291411488
0.0
0.0
0.00150326474115
0.0
0.0025671500094
0.0
0.0
0.0
0.0
0.0
0.0
0.0077440593613
0.0
0.0
0.0
0.0
0.0
0.0
0.0
0.0
0.0
0.0
0.0
0.0
0.0
0.0
0.0
0.0
0.0
0.0
0.0043978845063
0.00106119396926
0.00592282472172
0.0
0.0073035500295
0.00889994832286
0.0
0.00317252679381
0.0
0.0
0.0
0.0
0.0
0.0
0.0
0.00017159488129
0.0
0.0
0.0
0.0
0.00751900301514
0.0
0.00413269315387
0.00623495274579
0.00378004883054
0.0
0.0
0.0
0.00737966472281
0.0
0.0
0.0
0.0
0.0
0.0
0.0
0.000993315045826
0.0
0.0
0.00128545823443
0.0
0.0
0.0
0.0
0.0
0.0
0.0
0.0
0.0
0.0
0.0
0.0
0.0
0.0
0.0
0.0
0.0
0.0
0.0
0.0
0.0
0.0
0.0
0.0
0.0
0.0017885918178
0.0
0.0
0.0
0.0
0.0
0.0
0.0
0.0
0.0
0.00319521285516
0.0
0.0
0.00661030854562
0.0
0.0
0.0
0.000303739175631
0.0
0.0
0.00382461985149
0.0
0.0
0.0
0.00188477958757
0.0
0.0
0.0
0.0
0.0
0.00355840172697
0.0
0.0076504071825
0.0
0.0
0.0
0.0
0.0
0.0
0.0
0.0
0.0
0.0
0.0
0.0
0.0
0.0
0.0
0.00519032142983
0.0020216735802
0.0
0.0
0.0
0.0
0.0
0.0
0.0
0.00500724520012
0.0
0.0
0.0
0.0
0.00491487437909
0.0
0.0
0.0
0.0
0.0
0.0
0.0
0.0
0.0
0.0
0.00421664470602
0.00659848048731
0.0
0.0
0.0
0.0
0.0
0.0
0.0
0.00793062422419
0.0
0.00619455934293
0.0
