0
0.00159098636721
0.00859306126872
0.0154213681345
0.0207336008219
0.0
0.0
0.0
0.0
0.00610257573803
0.0139838956504
0.0121880155226
0.0023913745176
0.00757636580754
0.0
0.00466818229985
0.00713673376259
0.0
0.0
0.00467936987488
0.0111061380478
0.0
0.0
0.00731000959128
0.0111048922025
0.0159622239169
0.0163787593212
0.0191609262775
0.0207362638509
0.0161627572137
0.0116119281842
0.0180772603084
0.021794245195
0.0267801273177
0.0256523317045
0.026855038628
0.0235126255798
0.0281335817681
0.0347875276331
0.0354018130623
0.040843864019
0.0307322133647
0.0292805412547
0.0345352745437
0.0335451879039
0.0382982933259
0.0439289488265
0.051644423591
0.0580629152326
0.0637927344899
0.0628371214249
0.070013574999
0.0718988603604
0.0795356751703
0.0826200720014
0.0854398499159
0.0880015102965
0.0760272651595
0.0835291582989
0.0814900916284
0.0859673002299
0.0914756165734
0.0906505209442
0.0890517659961
0.0893010614644
0.0867679452108
0.0918413069524
0.0996843017059
0.103125934759
0.106624409637
0.105980684907
0.112108693232
0.0993404702493
0.0903045904163
0.0937704576895
0.100777841664
0.103274430428
0.108676297633
0.110928736765
0.116998060644
0.11756518121
0.115039249233
0.117659967411
0.11035164374
0.0898311829425
0.0973180020427
0.0904463235055
0.0825448431585
0.0888986119523
0.0858139371385
0.0608547614176
0.0682376845456
0.0601134497612
0.0625824502202
0.0577892211914
0.0628088651379
0.0531191470445
0.0588888397583
0.0629043499407
0.0522266557416
0.0298568362893
0.0298013521063
0.0233968453907
0.0297046219284
0.00656101110559
0.0110998914351
0.0174118772872
0.016446567554
0.0122764531194
0.0137141190621
0.0192528057162
0.0138308220242
0.0
0.00270926264508
0.0105430926816
0.0173610351261
0.0162217010218
0.0192093380604
0.024049916783
0.0239657175865
0.0284819642597
0.0353631193551
0.0276482538589
0.0302105347303
0.0309189605536
0.0383576080925
0.0393464536217
0.043993882162
0.0518643953069
0.0569224116991
0.0534879334256
0.0596561609365
0.0649099924624
0.0728961120576
0.0643470456932
0.0665132467515
0.0583852426678
0.0464184598602
0.0475469171404
0.0541210422251
0.0530265498498
0.060367538966
0.0667091278067
0.0719132866668
0.0747465896959
0.0793717399714
0.0762087013677
0.0824445695474
0.0854183388981
0.085552182262
0.0898213812009
0.0957055923237
0.0874247958267
0.0949319236289
0.099793731181
0.101883737759
0.107784782934
0.113232907975
0.120703463825
0.0965624677178
0.101891704902
0.0998746710185
0.107805252085
0.0924802850169
0.0878280508731
0.0908641506179
0.0925753788714
0.0941481096037
0.097385080214
0.0712453784537
0.0768954601551
0.0745791729617
0.0759282190067
0.0791432447866
0.0866535980503
0.0896581454139
0.0936884899412
0.0982590408384
0.103595494788
0.109363250835
0.115565899369
0.109724451722
0.112227670611
0.119249694114
0.124479217494
0.123573156158
0.122587972982
0.123377567976
0.0882633791654
0.0826923518044
0.0879259354603
0.0946784066834
0.100943711818
0.106421611225
0.0990722295527
0.0940229545088
0.0774424360687
0.0789389843016
0.0861206505413
0.0837471736508
0.0795367551029
0.087373646063
0.0922364057005
0.0929810800741
0.0807972633535
0.0801452341772
0.0782803200295
0.0761073947019
0.068676215683
0.0709969398272
0.0745942936297
0.0770924348285
0.0718445004806
0.0692920746855
0.0491707397581
0.0561531153694
0.0625005822161
0.0624688672688
0.0695388058968
0.0558497715898
0.0567874165013
0.0592276436135
0.0644096937014
0.0710600853888
0.0444645402028
0.0391149615513
0.0430262553112
0.0474656907562
0.0498879520544
0.0531198545207
0.0584772275339
0.0638099443598
0.0221806122647
0.0277971491823
0.0331282033417
0.0384821169465
0.0392292220466
0.0298695445898
0.0337389804866
0.00789531247029
0.00943157471408
0.00174133266791
0.0
0.0
0.00779177526638
0.0
0.0
0.00575208022152
0.0
0.000127812598512
0.00757712398408
0.00812996932429
0.0
0.0021657477478
0.000464942860942
0.00165982350463
0.0
0.0
0.0
0.0
0.00726614421776
0.0
0.00523868675665
0.0109486165291
0.00602492648191
0.0
0.000174502472042
0.00753444408229
0.00795525666151
0.0104778922863
0.0166704142984
0.0221348790214
0.0290660407054
0.0189724426924
0.022609850044
0.0272082574163
0.0293065638008
0.0
0.0
0.00647639714197
0.0123128363318
0.0170174930405
0.0187348848484
0.0171094184253
0.0179440321453
0.0243061243915
0.0321009951526
0.0371659937628
0.0302134061248
0.0139476518238
0.0158673021142
0.0216605808641
0.0258807074644
0.0273083088985
0.031119379518
0.037899179441
0.0324991285352
0.038192398952
0.0398199822034
0.0475501443082
0.0501133926245
0.0556501713288
0.0582383205215
0.0508186501329
0.0509108490609
0.0554541729919
0.0623051748115
0.0688742452711
0.0542507246197
0.0588218046691
0.061590582971
0.0656902283954
0.0666288979069
0.0557472506107
0.0627774869924
0.0667257815945
0.0543911593588
0.0603838812604
0.0674740214928
0.0732014941366
0.0653368055602
0.0637738691137
0.0627746276779
0.068597829246
0.0735891275584
0.075792685546
0.0679970021421
0.0686493077701
0.0618408576639
0.0644220786961
0.0506107567266
0.053642381937
0.0594184573283
0.0613398881445
0.0595340908866
0.0659977581317
0.0572775889532
0.0587634084432
0.061107832898
0.068778729638
0.0555954300768
0.0626176312739
0.0704513688333
0.0651697081101
0.0651428087127
0.0714231535605
0.0787077009975
0.0644552261147
0.0707567096904
0.0680540173764
0.0590492372568
0.0619344266793
0.069717446219
0.0773411830494
0.0720602013745
0.0787536301823
0.0822635242464
0.086295297442
0.0784568328127
0.0811555154628
0.0881575619353
0.087250931687
0.0887205762269
0.092093764095
0.0989448364375
0.0942395177195
0.095864985442
0.102840952608
0.0977841363307
0.104189329808
0.104391309837
0.103508791156
0.110425465005
0.106379353077
0.106332533146
0.0818927599326
0.0794669714699
0.0807847515383
0.0823833509536
0.082618379263
0.0758346959293
0.0764321154511
0.078863932433
0.0791112601638
0.0830374744275
0.0858850386159
0.0909943363935
0.0981877941008
0.0968465872824
0.0834018821682
0.0885452224119
0.0910632428867
0.0967070594248
0.0927836714405
0.0973173337765
0.10151806713
0.103760298876
0.105927303676
0.1135328696
0.119375143662
0.116853206853
0.116468409652
0.119413563523
0.119211813697
0.122256021015
0.123826683812
0.123422436112
0.127728480769
0.133062301426
0.140413523624
0.13933078985
0.140969520091
0.136341327139
0.119477970399
0.127317399598
0.126280760076
0.116891308348
0.123427631825
0.129777004162
0.131904904423
0.127447957378
0.131028343556
0.136145930786
0.140670931305
0.147344402515
0.148022894365
0.151711623616
0.158315001334
0.160515472308
0.161573127799
0.144514998695
0.132399651645
0.111961888932
0.105063765959
0.104024815755
0.110384933582
0.115656784326
0.113280156191
0.114108140967
0.117921370947
0.0989849791083
0.106491086686
0.113039919471
0.118838368493
0.122354482119
0.127906880593
0.131935276633
0.13629867869
0.120163285181
0.0962186553539
0.102544640048
0.105998948504
0.103999923734
0.108809343116
0.115516161417
0.118532988075
0.114674801711
0.11353382298
0.108304784788
0.0725462725413
0.0432624828568
0.0498159402821
0.0547951687874
0.0625974364428
0.0600162629872
0.0618748791362
0.0631924656863
0.0583137138225
0.0480233057455
0.0532101295814
0.0511299326886
0.0503864782271
0.0389433844016
0.0244305309367
0.0300151017314
0.0369727778205
0.0302789547265
0.0244857647613
0.0318784281222
0.0346208634089
0.021021876536
0.0155139045276
0.0126772176693
0.0196538785477
0.0
0.00691977687534
0.00258679207469
0.00173199390323
0.00635622062605
0.00266770847109
0.0100003700954
0.0179829140658
0.0216373307712
0.0271914497046
0.0172918836612
0.0244030328081
0.0304223814731
0.0328583720913
0.0347838043351
0.0397349828606
0.0451940722027
0.0441121592885
0.0504386649207
0.0580321366214
0.0651578235572
0.0723200748194
0.0748870340634
0.0520112223806
0.0399173843996
0.046823647798
0.0515905465425
0.0455793028428
0.0511966475225
0.0506976746626
0.050142929204
0.053434114235
0.0506046938735
0.0554721231347
0.0537898851358
0.0499369101449
0.0414906901063
0.0454744591764
0.0440307991358
0.0369905086701
0.0412922431618
0.0332967380312
0.0383520710121
0.0348477512755
0.0420394525852
0.0499462646801
0.0501810928188
0.0540681855465
0.0455058549092
0.0479459731807
0.0511558479642
0.0502498465518
0.0561025059677
0.0508808601095
0.0529014388824
0.0459793120727
0.0506395773216
0.0267036761544
0.0311812036902
0.0283902190391
0.02062355391
0.024285786705
0.0200069812309
0.0251557347631
0.032071632847
0.0387611590989
0.0357093775149
0.0317296252369
0.0273443329371
0.0222114776886
0.00456364008892
0.0
0.00317420689648
0.0
0.0
0.00652982499145
0.0115653903283
0.014009116507
0.0111543036552
0.0100580698591
0.00460109574205
0.0109471990937
0.00680571212761
0.0
0.000627460755385
0.00800468461752
0.0119255228774
0.00759498966849
0.0143852610355
0.0177616537947
0.0252556276251
0.0322216839533
0.0374012652597
0.0289288298232
0.0164645043583
0.0159300248508
0.0190179077045
0.0239384755372
0.0301415524372
0.0363924741107
0.0401159207713
0.0316029191169
0.036207751567
0.0433729812941
0.0510358956315
0.0431838235536
0.04505481529
0.0486609840347
0.050956365815
0.0543737761176
0.0588803128335
0.0571229347675
0.0635139317852
0.0184441742839
0.0166924189959
0.0175178369649
0.00975767519234
0.0162815151132
0.0150892236277
0.011243512863
0.0076916267752
0.0150076960637
0.0179036564174
0.0242743767675
0.0211824384635
0.016690999792
0.0212509512432
0.0223579465138
0.0234448716048
0.025778957153
0.0274762049814
0.0319581206062
0.032428179837
0.035178881659
0.0268832636445
0.0233342828983
0.014176242892
0.0132880303442
0.0100283519945
0.0168888433896
0.0
0.0
0.00747014726262
0.0136355847581
0.0127010665126
0.0206501523498
0.022040992893
0.0268366663822
0.0304532956107
0.0380038160623
0.0410913116214
0.0457307682768
0.0447681756594
0.0333811381863
0.0336520042493
0.0305058915383
0.0347860152974
0.0379329890863
0.029392491836
0.0373239791301
0.0428937481842
0.050218770939
0.0462656339728
0.0389509958765
0.040945307465
0.0467021757306
0.0440114316412
0.0459439931878
0.0501516253557
0.0513118200298
0.0537828908245
0.0602581914217
0.0575905519231
0.0544236864187
0.0622490130208
0.0678582743518
0.0708678533937
0.0698614458607
0.0675620362022
0.0694345566084
0.0739463808389
0.0492961025991
0.0556923671905
0.0421814829096
0.0456650859916
0.047834681077
0.044888067483
0.0279194450335
0.0276719106605
0.0337406438204
0.0381920853524
0.0279942543998
0.0316491541082
0.0324444966938
0.0248302649163
0.0289681046293
0.0320028647803
0.0186877326955
0.0104574363553
0.0112126058477
0.0145177587952
0.011870071534
0.0164606426206
0.024307199542
0.0288012932385
0.0189659132544
0.0216515995683
0.0109096205567
0.00837296370035
0.0118131818245
0.017142511091
0.0222247111337
0.0259954584331
0.0131642743093
0.016723107769
0.0179054769964
0.0223047127857
0.0176864543751
0.0219413534598
0.0244207688158
0.0315378480379
0.034573456883
0.0352317736322
0.0369863713445
0.0375290360604
0.0447415673189
0.0106892140319
0.0160112782805
0.0172802630395
0.0181373837588
0.0160024568844
0.0174314944707
0.0228387978759
0.0266719606927
0.0276434640002
0.0317738997373
0.0396779633722
0.0455340313477
0.0485318125988
0.0555411378863
0.060756480135
0.0580490517242
0.0477937834005
0.0536611131379
0.0582321951868
0.0501519191422
0.0390616102455
0.0400283904669
0.0407725124097
0.046438297378
0.0511157878265
0.0586952178938
0.0652802130676
0.071353206218
0.0771941191719
0.0829973856497
0.0824606737417
0.0799477299696
0.0862476686741
0.0641187731473
0.0711210914771
0.0766769907464
0.0756803290166
0.0707942037775
0.0780538668519
0.0793548415755
0.0718286281801
0.0712743091097
0.0476896733915
0.0526539751184
0.0590775203374
0.0653537261534
0.0707123521753
0.0719631004462
0.0652846384172
0.0730890792853
0.0688269084453
0.065456409079
0.0667913648202
0.0737998196886
0.0742293175437
0.0818702319052
0.0713340693662
0.0699935110101
0.069428835793
0.0679541264918
0.0750024858412
0.080009307405
0.0808318525354
0.0874448808392
0.0906864184481
0.0972823659632
0.103616379549
0.104769300228
0.109524690361
0.115470349715
0.12120440742
0.128799125182
0.131215144425
0.137319388745
0.144817718222
0.128501318039
0.132121873598
0.136973725706
0.138058258631
0.141849959714
0.143273888524
0.119402523114
0.120971904122
0.125591235444
0.11495687491
0.108693350951
0.111717426539
0.090207288678
0.089362541635
0.0960368872676
0.0833392248419
0.0886297876868
0.0897016525887
0.0942051016553
0.0986469677083
0.0579363282174
0.0591472787622
0.0636578511255
0.0682971970717
0.0749740187508
0.0748178309458
0.0730089373298
0.0564545612756
0.0534748006219
0.0542366863914
0.0589072767293
0.0586970999608
0.0635365472762
0.0536987737176
0.051521487192
0.0401276688614
0.0420376219554
0.0499792210583
0.0576112602684
0.0455883052732
0.0483937480107
0.0560432215123
0.0635961473895
0.0583028137433
0.0538736722265
0.0571292150367
0.0625066751685
0.0579305124568
0.0574673615245
0.0476959341975
0.0510208850559
0.0562743652295
0.059809539939
0.0633624568037
0.0678884773401
0.0612983635943
0.053520854923
0.0607284632507
0.0556009285186
0.0627420504099
0.0698813236679
0.0634235194216
0.0646073819599
0.0543077102461
0.0
0.00153367840187
0.00281361211517
0.000439689898963
0.00543720774811
0.0
0.00794188077433
0.0147881249379
0.0188990333407
0.0260371369287
0.0267706341352
0.0293370623221
0.0141910641663
0.0180102687915
0.0151143690784
0.0187355612522
0.0263483146522
0.0320058692664
0.0374905094397
0.0354536770029
0.0339728903701
0.0399311963639
0.0453911647259
0.0432374586374
0.0448211323427
0.0503673803962
0.0496088088672
0.0506586639643
0.0503903451844
0.0564198873543
0.0629110973481
0.0646899749479
0.069109129394
0.0693250013694
0.0683044504329
0.0684119057163
0.071097370947
0.072770593125
0.0687428855879
0.076080582052
0.0721341799935
0.0698608125268
0.0735015429594
0.0755816195823
0.0806954152349
0.0718458753857
0.0760889096176
0.0820518212494
0.0787333078485
0.0865483217138
0.0853560333643
0.0897509054524
0.0932509429656
0.0691746060339
0.0770047426842
0.0831576677421
0.0854642523982
0.0922394644665
0.0776852409884
0.0792398719377
0.0850085045371
0.0906505271387
0.0977110966918
0.0828642197937
0.0773768792549
0.0721409298029
0.0642347002796
0.0447239280187
0.0508926343929
0.0483411109963
0.0499764106988
0.0525007231735
0.0558540729173
0.0565885721413
0.063534802541
0.0709834648895
0.0691049358993
0.0656148627084
0.0647635697012
0.0675610652645
0.0701837933175
0.0641285503553
0.0628549410436
0.0660502186
0.0669832104159
0.0732289135678
0.0810184116416
0.0889319354382
0.0956875187633
0.103242853684
0.0964341546647
0.0920229665964
0.0998324516837
0.104381829591
0.110430249268
0.114502520955
0.120584461871
0.126064619891
0.131086053199
0.136867622076
0.143385889087
0.137354298811
0.145207588725
0.12730364222
0.133927155883
0.139072243302
0.144307697228
0.15127040032
0.15184412188
0.153083954292
0.145578463459
0.150091083907
0.154389791265
0.150842830912
0.150291898802
0.154340861359
0.155080982424
0.158776290897
0.165991791768
0.17341661319
0.173536809088
0.178099037999
0.184695921877
0.18476665717
0.190398178399
0.187023332796
0.189303950133
0.197101258549
0.204077936766
0.193896812914
0.184321414663
0.178257219497
0.180153888737
0.183513826654
0.175760579733
0.174232992537
0.177219691431
0.177369210416
0.180316056164
0.18623590161
0.186696723195
0.182806083825
0.185306557824
0.19306237258
0.194049688801
0.201693277759
0.20819506302
0.21467912465
0.215891406763
0.216990477609
0.20081183569
0.198741551991
0.202606165062
0.207964068748
0.214081085129
0.219594778395
0.21707459046
0.204162528211
0.209673467455
0.215943985789
0.22387086753
0.230925413103
0.233848498562
0.240996917452
0.224523766535
0.223509190174
0.227870156322
0.231417511244
0.228435181864
0.229197662461
0.22943864603
0.237385925417
0.244777565548
0.248424421733
0.244103253655
0.243171599898
0.250744848406
0.23778556977
0.234438129183
0.239498101266
0.243633109279
0.246920454995
0.247778830471
0.255693811717
0.258614976886
0.260249089662
0.266512428277
0.273870896085
0.280143692691
0.285915804283
0.293645126631
0.300309632912
0.307398888927
0.306321360859
0.312403398571
0.309040340294
0.316467339472
0.299019089483
0.288819131927
0.295448602232
0.299871360236
0.306734466028
0.310896205531
0.313028999301
0.315830677946
0.317493323691
0.3038991655
0.310349973699
0.311453844946
0.313282409757
0.253781717496
0.253326692799
0.256181633284
0.258074099709
0.226551924278
0.225770829296
0.230440169886
0.229797792604
0.189686939087
0.197621327675
0.204162684537
0.206083536989
0.200207476773
0.199878483979
0.205595519501
0.210644549058
0.206958006633
0.20592672663
0.181193114096
0.186349482996
0.189194322796
0.196991290912
0.203100737376
0.210343436712
0.201373188474
0.20649611847
0.2121624234
0.208926947144
0.213385957335
0.212844756556
0.215766316675
0.220721899913
0.228026448642
0.227421044402
0.219202423217
0.226187245555
0.227643540873
0.228417621529
0.214791314899
0.222759747307
0.229218990538
0.221740217753
0.22819499228
0.230838856267
0.237951547828
0.243511591342
0.226808705881
0.229982328542
0.210013206316
0.215471689605
0.207145127288
0.211049253633
0.213151150026
0.220524235029
0.226670181457
0.209534554213
0.210832664331
0.211662477156
0.2160698702
0.214374452004
0.213362174447
0.212641008911
0.214533707575
0.21562130147
0.200345913698
0.202304925506
0.20237607504
0.205018114459
0.212804546507
0.218509190424
0.219017050672
0.226263576711
0.227243783566
0.226836898102
0.226128044927
0.227976372474
0.231652174104
0.227394831449
0.229917852017
0.233095998639
0.237846207059
0.242397967876
0.245445701914
0.237197490401
0.217570131625
0.217025057512
0.209792764387
0.212563986503
0.215800305104
0.217922287757
0.220210848278
0.197988139237
0.202535918608
0.20773591987
0.214007444724
0.219797378607
0.216926739403
0.208017826712
0.213843676887
0.217515700232
0.210666210041
0.215334257383
0.220073964859
0.221138199255
0.209367467818
0.215771125973
0.221946960488
0.220193182717
0.226425497805
0.230924228079
0.227147650794
0.226222527634
0.230780634144
0.227184356752
0.222544684371
0.222204163832
0.199881197346
0.205229560489
0.202291671793
0.208582739485
0.212362709217
0.215855313313
0.202828744311
0.205537812968
0.210671510373
0.217109311172
0.22176422838
0.228786527153
0.220360987911
0.224337848043
0.225373876952
0.214203818245
0.219399106081
0.224174079166
0.221887924295
0.22733707428
0.227020860298
0.232746032953
0.233348878973
0.236269195737
0.239231563719
0.245948394801
0.246716812846
0.249217063584
0.253220301274
0.2608864625
0.267994334957
0.27120828247
0.277041766027
0.279804911717
0.275595481568
0.27884546729
0.28417367059
0.28792028077
0.295409740165
0.303125762593
0.308446380794
0.314848358025
0.320392992907
0.328284684586
0.318448647404
0.31799363382
0.298761721714
0.296316007526
0.299515037251
0.304044991304
0.300762679144
0.297943473691
0.30514030672
0.294904214835
0.299606272637
0.303163182249
0.303328270521
0.302645572035
0.310088656707
0.316767513293
0.31445404346
0.298872621079
0.293668071149
0.301416432518
0.279467141534
0.261746106097
0.26264592471
0.270464281467
0.26517703668
0.25988560067
