0
0.0077284023831
0.0
0.00598333754673
0.0
0.0060975417613
0.0
0.0
0.0
0.0
0.0
0.0
0.0
0.00392393529402
0.0
0.00605286218157
0.00933146082319
0.0102324630547
0.00868829713724
0.015348497846
0.0
0.00308238646977
0.00202164684574
0.00997720432728
0.0
0.0
0.00683242963911
0.0134909127601
0.0114102398956
0.0147661723099
0.0144369582471
0.00606582469752
0.0
0.0038299097788
0.0108912226526
0.0173397178695
0.0075303200143
0.000436519984679
0.0
0.00123947471789
0.00455834285031
0.00990471067454
0.000121312459597
0.00810983557229
0.0143151527245
0.0
0.00358150456507
0.0
0.0
0.0
0.00341151770192
0.00894411415461
0.000111018144656
0.0
0.0
0.00459501890325
0.0
0.0
0.00227401373301
0.0
0.001701817307
0.0
0.0076248236115
0.00596189244535
0.00801927243627
0.0142309351244
0.0116599508522
0.0192537318445
0.0211560903316
0.0247799079356
0.0291292264773
0.0353550723724
0.00286583335228
0.00786775626914
0.00800012100828
0.00666411876567
0.0
0.00124442476967
0.0017085084499
0.00279004992897
0.0
0.0
0.0
0.000974084587979
0.00736660141286
0.0134798407172
0.0122568835256
0.0169820494699
0.0216965284734
0.0292830436436
0.0292275140889
0.0197337064102
0.0151777594699
0.0167978140023
0.0232383948134
0.0263897344191
0.0329050919165
0.0394052791583
0.0184577481613
0.0204675786469
0.0175400430142
0.0
0.00353806851311
0.0
0.0
0.00510166819781
0.0118888993147
0.0147613474521
0.0091554719188
0.0114647666098
0.0137124714413
0.00133444544681
0.0
0.0
0.00158708719351
0.0
0.0
0.0
0.0
0.00347520146554
0.00446709416811
0.00121546723859
0.00487696764587
0.00557566206865
0.0
0.0
0.0
0.0
0.00117412076207
0.00553035948433
0.0073135440108
0.0
0.00793517827437
0.00464689112673
0.0118768742724
0.0192845882647
0.0234213563768
0.0
0.0
0.0
0.0
0.00101977500457
0.0
0.0
0.0
0.0
0.0
0.00524292423257
0.011699601327
0.00339990721645
0.0
0.0
0.0
0.0
0.0
0.00299240883941
0.0
0.00468736425628
0.00651424387846
0.00551851569434
0.00964207577465
0.0
0.000889280972389
0.0015140577493
0.0
0.00395092728076
0.0
0.0035741036374
0.0
0.0
0.0
0.0
0.00624552324826
0.000161678165402
0.00754472379007
0.00523682403666
0.0128567965612
0.0168966820838
0.0235043229917
0.0294201083801
0.0188664591075
0.0266017064883
0.0113572341302
0.00500718626747
0.00998580083353
0.0118475416287
0.00791112601378
0.0122870542604
0.0123174585972
0.0038963031822
0.00730016940472
0.0124852462734
0.0
0.0
0.00154736723173
0.0
0.0031730211921
0.0
0.0
0.00208133452771
0.00918194962582
0.00430233781333
0.00226495575227
0.00722375671212
0.0
0.0
0.00391561822381
0.0
0.0
0.00418604480122
0.0
0.0
0.00634648276055
0.00335049344756
0.0
0.0
0.00135120542996
0.0
0.000120171643079
0.0
0.0
0.00351947488093
0.0
0.00405641664488
0.0
0.0
0.0
0.0
0.0
0.0
0.00233507060915
0.000408997778364
0.00598577698142
0.00923119591215
0.0142354136277
0.0
0.00626160025883
0.00438088388979
0.0108317370688
0.0
0.0
0.0
0.0
0.000904251531638
0.00678077890113
0.00681147899074
0.0
0.0
0.0
0.000581751170571
0.0
0.0
0.0
0.00300092703178
0.0
0.0
0.0
0.0
0.0
0.0
0.00693008517463
0.0116742633584
0.00745337245826
0.0
0.0
0.00177935614355
0.0
0.0016881044009
0.00799875770518
0.00300664750503
0.0
5.56424691691e-05
0.00744917166961
0.0124990856728
0.0168349649548
0.0231329911831
0.0210109532915
0.0278796903533
0.0285230180165
0.0272512710764
0.0217968442206
0.0262594832642
0.0
0.0
0.0
0.00742099759105
0.0
0.0
0.0
0.00595193425697
0.00705393134396
0.00415693621539
0.0041613451846
0.0117693727796
0.0181143699403
0.0208191177036
0.0283050585645
0.0262574943354
0.0256266560493
0.00737810346144
0.0143418052758
0.0
0.0
0.00422888768604
0.00515144046618
0.0
0.0
0.0
0.0
0.000562096654224
0.00530545423796
0.00196584602516
0.0
0.000122395319125
0.0
0.00109399188676
0.00804557699011
0.00802740221744
0.0
0.00319227856322
0.00171356745738
0.00738408256705
0.0143226943192
0.0
0.00681216462831
0.0
0.00411169455853
0.0
0.0
0.00193452500361
0.0
0.00448139063596
0.00398247988079
0.00355330043319
0.0109310993799
0.00393752028822
0.00305940119703
0.00184855325399
0.00287919444571
0.00503959474685
0.0127698755072
0.00737518916405
0.0140135077832
0.0185821318126
0.013511163337
0.018396353681
0.0222022005853
0.0248793320121
0.0250994977609
0.0251028991079
0.0260032330089
0.0315931273882
0.020728826796
0.0226715125761
0.0299761345756
0.0256647851917
0.0196608743456
0.0
0.00395561867297
0.00794372388122
0.0153433315954
0.0123052539193
0.006832407685
0.00793313991083
0.0
0.0
0.0
0.00706718707177
0.0140069771369
0.000571908451365
0.00731461422674
0.0
0.0
0.0
0.0
0.0
0.0
0.0
0.0
0.0
9.46324619377e-05
0.00341055414377
0.0042259792998
0.0
0.0
0.00763238269166
0.0144145115869
0.016762468938
0.0188635871169
0.0059530760648
0.00859256352494
0.0146774298555
0.0117386208081
0.0159166351311
0.00899757659464
0.00525011449543
0.0
0.00418117687529
0.00825158504347
0.0147055786233
0.0103992543741
0.00749288624498
0.0153343809126
0.0193225976972
0.0272952921786
0.0334356292906
0.0333409097547
0.0
0.0
0.0
0.0
0.0
0.00575981074347
0.0128652410053
0.0111126520199
0.00666402735247
0.0
0.00353967764918
0.0
0.0
0.0
0.000880117384062
0.0
0.0
0.0
0.0
0.0
0.0
0.00263565130997
0.0084536094095
0.0147283140073
0.0177011449258
0.0085737620131
0.0127847807099
0.0202108992604
0.0222852823045
0.0192339686845
0.0
0.0
0.00146348541094
0.00935168733701
0.0137472436572
0.00291783681384
0.0
0.0
0.0
0.00051818310607
0.0
0.000222509318176
0.0
0.00308550624274
0.0
0.0042504899097
0.0044526501073
0.0086951869906
0.00771271479485
0.0
0.0
0.0
0.0
0.0
0.00744799708088
0.0
0.00550882328621
0.00984106484288
0.0
0.0
0.0
0.0
0.0
0.0
0.0
0.0
0.0
0.0
0.00359396586857
0.0
0.0
0.0
0.00699327415133
0.00168951859001
4.57976976289e-05
0.00434832754894
0.0113684657445
0.0164846104042
0.024333026441
0.0240950333521
0.0299814920594
0.0276437863296
0.0145012725782
0.00793052995618
0.014169076226
0.00531833740148
0.0
0.00671909263081
0.0
0.0
0.00681053945764
0.0
0.0
0.00349922525235
0.0111936756341
0.0111691922106
0.00484502539322
0.00292210784606
0.000312226721395
0.0
0.0
0.0
0.0
0.0
0.00402372091273
0.0
0.0023258216038
0.0
0.00348796899605
0.0
0.00299745512248
0.0
0.0
0.0
0.000264069724352
0.0
0.00501052143867
0.012843900795
0.0
0.0035828087108
0.0106203727789
0.00605436894901
0.0
0.0
0.0
0.00596396164066
0.00925311364152
0.000864971028104
0.00801257901481
0.0149683260002
0.0148882901912
0.0207616866569
0.0114530092962
0.0187648450353
0.0194899603781
0.0260963769844
0.0311825577436
0.0230255856107
0.0262692856642
0.0
0.0
0.0
0.0
0.0
0.0
0.007620500148
0.0
0.00445687023037
0.00764545079909
0.000783685764089
0.0
0.00235552468261
0.00860946504496
0.0
0.00546839139947
0.0
0.0
0.0
0.0
0.0
0.0
0.0
0.00263512253029
0.0
0.00281875116084
0.00261895799189
0.00647525582344
0.0
0.00625885818654
0.0106373442144
0.0098001126109
0.0143445475294
0.011132674802
0.0157521676558
0.0133160751802
0.0176481943785
0.0224334511132
0.0294971921116
0.0313609715567
0.0384535544719
0.037830310221
0.0330538513863
0.0410274412819
0.0429113220093
0.0361022797065
0.0161012407334
0.0191721861392
0.0161890240959
0.010930025851
0.00653604757446
0.00845136049648
0.00575503378402
0.00434569536617
0.00251642237013
0.000478356232137
0.0
0.0
0.00617661247331
0.00463294539742
0.0
0.0
0.0
0.0
0.0
0.0
0.0
0.000560157442106
0.00190192291941
0.0
0.0
0.0
0.000925291476218
0.0
0.0
0.0
0.0
0.0
0.0
0.0
0.0
0.000718093500508
0.0
0.00150333064462
0.00720669044324
0.0107913766926
0.000972774293565
0.0
0.0042153108598
0.00548862298985
0.00996565182405
0.00269434821537
0.0102865481805
0.0160403214039
0.0134192463832
0.0
0.0
0.00428519016874
0.0112317200629
0.0
0.00450139430091
0.00391478165686
0.0
0.0012047071631
0.0
0.000528870898169
0.0
0.0
0.00212247520452
0.0
0.00399769968361
0.0
0.00365579578495
0.0
0.00283583019509
0.00291845780824
0.00749048926551
0.0
0.0
0.0
0.0
0.0013779655855
0.00372887759183
0.000444113575753
0.0
0.00577416000055
0.000629045261885
0.0
0.0
0.0053656661951
0.0028337225169
0.0
0.00677075315046
0.0
0.00337951014219
0.0110072993771
0.0160373678818
0.0222770710713
0.01268249425
0.0127873980716
0.0
0.00573540865869
0.0
0.0
0.0
0.00727373599728
0.0110625831101
0.00869840681548
0.01627614177
0.00753885532989
0.0
0.0
0.0
0.0
0.0
0.0034367393177
0.00876762807077
0.0119139867591
0.0
0.00487125256184
0.00329588470728
0.0096237276846
0.00444615119906
0.00655921420078
0.0
0.00331890600059
0.00931182520804
0.00927277027338
0.017077872469
0.0
0.00526987458246
0.00811360070017
0.00755111395877
0.0
0.0
0.0
0.00283217841125
0.0
0.00550180070381
0.0
0.00394131399942
0.0
0.00570276586224
0.00178145335569
0.000759082915007
0.00107187906957
0.0
0.0
0.00125378929471
0.0028954445412
0.0
0.00202161103806
0.00717444226237
0.0140913476067
0.020539208624
0.0114748770561
0.0
0.0
0.00654224763819
0.00501003838619
0.000142548707661
0.0
0.00595240683658
0.00947730999382
0.00357564994581
0.00968663960417
0.0167964980725
0.0222517543997
0.0231723106073
0.0140566608901
0.00413038190121
0.00727390476796
