0
0.0
0.0
0.0
0.0
0.0
0.0
0.00198711327199
0.00467633614542
0.0
0.0
0.0
0.0
0.0
0.0
0.0
0.0
0.0
0.0
0.00342912834851
0.0
0.0
0.0
0.0
0.0
0.0
0.0
0.0
0.0
0.00403229350491
0.0
0.0
0.0
0.0
0.0
0.0
0.0
0.0
0.00381534478111
0.0
0.0
0.0
0.0
0.0
0.0
0.0
0.0
0.0
0.000459527191369
0.0
0.0
0.0
0.0
0.0
0.0
0.0
0.0
0.0
0.0
0.0
0.0
0.0
0.0
0.0
0.0
0.0
0.0
0.0
0.0
0.0
0.0
0.0
0.0
0.0
0.0
0.0
0.0
0.0
0.0
0.0
0.0
0.0
0.0
0.0
0.0
0.0
0.0
0.0
0.0
0.0
0.0
0.0
0.0
0.0
0.0
0.0
0.00787532471291
0.0
0.0
0.0
0.0
0.0
0.0
0.0
0.0
0.0
0.0
0.0
0.0
0.0
0.0
0.0
0.0
0.0047444687422
0.0
0.0
0.0
0.0
0.0
0.0
0.0
0.0
0.0
0.0
0.0
0.0
