0
0.00688753994746
0.0
0.000290993624643
0.0
0.00183788590981
0.0
0.00644881683228
0.0141684332763
0.00342879820238
0.0
0.0
0.00347862462826
0.000515990087615
0.00337708485243
0.00930168345428
0.00160847054943
0.00949356414407
0.00400768665238
0.000414133837307
0.0
0.00676712818348
0.00663079480619
0.0
0.00717634558948
0.0138560617526
0.000148061182351
0.00284858577397
0.00713607039293
0.014753917589
0.0218427421246
0.000963791283117
0.0
0.00736814766558
0.0146266697667
0.0156721157573
0.0229892050442
0.0241575811229
0.0284594331528
0.0276172423313
0.0168578341518
0.0247462747309
0.026345490836
0.0218442902408
0.0122225548634
0.0200353864026
0.01797273192
0.0230928688438
0.0287427938568
0.0310101767058
0.0296343718532
0.0354086758907
0.035032110891
0.0367393661222
0.0329461588534
0.0309887352845
0.0380728097606
0.0377098942845
0.0424547850663
0.0381847876815
0.0388028022889
0.0445406612963
0.0408004744282
0.0238674899882
0.0154069504929
0.0220465820438
0.0147445021892
0.0190019243336
0.0221534548525
0.0262917888431
0.030903807845
0.0376890663064
0.0251001503986
0.0145521698822
0.0
0.0020938434667
0.00585385185843
0.013479803097
0.0148536806362
0.0
0.0
0.0078108450872
0.00376634832858
0.0071760961811
0.00979922944358
0.00153380881062
0.00685765728937
0.0
0.00250666619489
0.00262542937469
0.00723146660726
0.000654261761656
0.0079975255075
0.0158315779007
0.0179183808029
0.0232942790429
0.0220315522091
0.0244575486273
0.0162741459306
0.0146379656514
0.0183451750183
0.0228327993623
0.0302266153878
0.0344771388061
0.0409632780913
0.0428251266438
0.0363665884998
0.0372229554665
0.0331853489578
0.0104010590514
0.00775378169756
0.00660796848699
0.0139526524135
0.00896689403018
0.0
0.00363633533394
0.00163324020594
0.00237837667708
0.00813889216841
0.0155951215289
0.0233375060539
0.0204501381217
0.0264883738244
0.0276932707858
0.0341146057176
0.0420869310796
0.0381571759792
0.0458074086083
0.0490451535606
0.0554331356443
0.0605194511274
0.067231175473
0.065760614688
0.0703552891133
0.0748408897167
0.0817137515056
0.0815383261948
0.0863503447176
0.0897806388164
0.0801949155058
0.0872622592942
0.0919541481301
0.0904701260643
0.0786352792189
0.0811403246389
0.0795044723149
0.0856266146483
0.0731478859048
0.0690814569161
0.0663053114114
0.0669303264242
0.0732668101768
0.0778143233389
0.0696869352594
0.0710228577803
0.071326376969
0.077163151648
0.0759666848035
0.0730403730225
0.0780626744923
0.0827151566956
0.0851397334221
0.0902216189716
0.085668234604
0.0823775869037
0.0636576116561
0.0616059340031
0.065549020148
0.0682573246045
0.0686830386845
0.0676248088445
0.0655925361584
0.0701837063329
0.0670463413188
0.0635188685491
0.0676069550764
0.0688491267859
0.0605955350543
0.062991157221
0.0563537995491
0.0569856480903
0.0633352240124
0.0583699237517
0.0378994078683
0.0457472541365
0.0406677092668
0.0234899247744
0.0235766673288
0.0105497863656
0.0154959826332
0.0225213704051
0.0260176242377
0.0201300101282
0.0204777471296
0.0229715252058
0.000149370725202
0.0
0.00660438709905
0.00501357830603
0.0126358487343
0.00304828466613
0.00557788581148
0.00658704832555
0.0132508330902
0.000712167824575
0.00119904782561
0.00848209124619
0.00168856677695
0.0
0.00104943517422
0.00479078778875
0.000415134750233
0.0
0.0
0.0
0.0
0.0
0.0
0.00757928961273
0.0
0.0
0.00431416723833
0.0101350321064
0.0049004595093
0.0117226354922
0.0193946225058
0.0174061474139
0.0211953335723
0.0164631585551
0.0212982693131
0.0207267300057
0.026979307702
0.0214443900676
0.0285969752344
0.0317024300532
0.03428264712
0.0412540471522
0.0421540946366
0.0412574012759
0.0449388395754
0.0400514537625
0.0274480744813
0.0342458744175
0.0406113187849
0.0384180486641
0.0452300524258
0.0522158515142
0.0546523845579
0.0572414388093
0.0604573094807
0.052026552498
0.0586947725433
0.0611756438703
0.063336495164
0.0694211442664
0.0762790148797
0.0775630342038
0.0792774961004
0.0254829938324
0.0333330939584
0.0343567782137
0.03866183737
0.0148128357368
0.0199056543516
0.0
0.0
0.000777782233251
0.0063341483934
0.0112915137397
0.0189300826932
0.0180404823225
0.0235302113913
0.0281141552671
0.0210067568966
0.0266145120869
0.0305592291437
0.0312270475286
0.0115258933623
0.00129843422993
0.00841723019093
0.0116639122361
0.0145363545043
0.0193481837469
0.0269390729429
0.0294667577201
0.0329327598001
0.040559233191
0.0419239064216
0.0351115726805
0.0415869068891
0.0493071058593
0.0562143544215
0.0630740835223
0.0474689554714
0.0474624262589
0.048871310396
0.0491596182754
0.0490399494518
0.0501777625617
0.0568637174919
0.061759988866
0.0654628457057
0.0638095935564
0.053931670438
0.0592818976658
0.0599218694084
0.0673214394787
0.0688778124423
0.06412452942
0.0654743250512
0.0671354041211
0.0581036557654
0.0468440838062
0.0540489492568
0.0513404824405
0.0554443882986
0.0576238171737
0.0630342303132
0.0563913342876
0.0586780097017
0.0645370775328
0.0714503886845
0.0740711066571
0.0761753452524
0.0831749560742
0.086949861916
0.0936608077383
0.095998774846
0.0890348065291
0.0883390941279
0.0834574429772
0.0627828295023
0.0674144985933
0.0742983669717
0.0760768013597
0.079546160123
0.0873669649468
0.082127539441
0.0900046405527
0.0953104155876
0.103007387535
0.0981266979275
0.103255058331
0.0955281862012
0.0907117082998
0.0907840063188
0.0955256082062
0.0991287585783
0.0999524290677
0.0727610687608
0.0785919349842
0.0768411234925
0.0784761318514
0.0647494753084
0.0723966775768
0.0565626555141
0.0566427327752
0.0457939725601
0.0535666829037
0.0554855153397
0.0634401965493
0.0633871041382
0.0415436509977
0.0460095124041
0.0459510612626
0.0533087218492
0.0578567988553
0.058459835741
0.0539691197645
0.0589703228137
0.0612847717418
0.0451029065914
0.0442777954853
0.0482270496875
0.0382114251994
0.0425140627381
0.0487437856735
0.0536792999449
0.0587159585882
0.0446892366275
0.0461441214552
0.0530279657131
0.0576308319052
0.0506659829681
0.0531708958937
0.0578687879077
0.0636478810537
0.0653274262144
0.0630335733366
0.0639364858552
0.0477567506835
0.0420073957308
0.0495139731073
0.0526943437385
0.0372317924195
0.0388505621748
0.0414082806312
0.0351137767608
0.0412942396123
0.0482443751564
0.0484563806209
0.0508793420072
0.0360427163642
0.0332210583711
0.0309783460814
0.0287087218285
0.0336056056031
0.0410186913572
0.0252893075778
0.0306844135343
0.0376174398864
0.034236085928
0.0406695856319
0.0483946925179
0.0562423540473
0.0636064237407
0.0442726353801
0.0409796134649
0.0440808582019
0.042646578332
0.0461944940054
0.0505822925816
0.0532587403836
0.0580262440033
0.0387809687863
0.0447356178012
0.0462052084825
0.0476183742707
0.028585488906
0.0253003584257
0.0252750774966
0.0291255250896
0.035261625876
0.0382160659011
0.0450822955665
0.0410777763103
0.0486142782629
0.0490842890648
0.053977557721
0.0551330864568
0.0550637178472
0.0582713756876
0.0600888871687
0.0660725009837
0.0700854774014
0.0267773183053
0.0275132399062
0.0344030923196
0.0285430150004
0.0227065822898
0.028725376004
0.0342487961935
0.0
0.00671391207919
0.00797750549834
0.0156751683623
0.0211027809719
0.0181353471712
0.0189900833098
0.00629831193108
0.0022302612279
0.00386737065046
0.00540387923027
0.0110164301203
0.0130388951278
0.0202644730018
0.0244913015088
0.0239241186285
0.0306639369684
0.0315341759947
0.0339370923399
0.0199906859529
0.0269704380326
0.0326930305855
0.0391186390156
0.0411573819926
0.0476210461011
0.0520133593893
0.0459648224149
0.0492533644126
0.0470505151576
0.0474622765658
0.0541763371002
0.0552856741362
0.0570917498223
0.0550872593464
0.0544803724169
0.0585890745084
0.0558875570637
0.0511741439893
0.0430348613131
0.0335778752051
0.0380927133071
0.0166031283894
0.0240209917573
0.0131081537084
0.0123064443426
0.0166363678675
0.0232827033571
0.0287461887725
0.0260147729404
0.0322537403381
0.0389850917376
0.0461849496089
0.0520189292827
0.0529831313923
0.0585334497946
0.063628962623
0.0674280286377
0.0722436739819
0.0654495489607
0.0708939542809
0.0750949381657
0.0830130858468
0.0803090692226
0.0837627194297
0.0889782196992
0.0966828920663
0.0841974716952
0.0607795282992
0.0680138029206
0.0744093191485
0.0815189303092
0.085258770515
0.0913803878323
0.0808063333882
0.0134521335153
0.0198609168398
0.0236121940863
0.0172674687552
0.0139056331221
0.00977572336795
0.0160542339691
0.0142227974563
0.0197194352197
0.0256122501511
0.0327844408754
0.0308346998574
0.0360629494399
0.0438467349294
0.0305190565833
0.0208207382735
0.0116375530933
0.0163454958856
0.023154184442
0.022821572403
0.00968268000613
0.00240210410063
0.0
0.00288339397541
0.0
0.00492100987973
0.0
0.0031305869789
0.00678494573681
0.0130835081551
0.0118641834912
0.0170679053783
0.0237161604943
0.018632348983
0.0235561206239
0.0257087237733
0.0141924524811
0.0
0.0
0.0
0.00378443968999
0.00887188635032
0.0164508122728
0.0184182532816
0.0262927047309
0.0331017010037
0.0267596856199
0.0339191846149
0.0274836505932
0.0233273245504
0.0229101279241
0.0271729680813
0.0345664369921
0.0307425636066
0.0358284148945
0.0421367088639
0.036784562692
0.0223244792718
0.0260369440473
0.0196780274954
0.0259767680067
0.0339674192168
0.0355832631071
0.039895833456
0.0401523979658
0.0209175078384
0.0190163377145
0.0229524298159
0.0228459937391
0.0301378082954
0.0317770116569
0.0323654765013
0.0398115706372
0.0449174056984
0.0509391411742
0.0461349283579
0.0473126133573
0.052270743788
0.054497128198
0.0510242315873
0.0570257187449
0.0555346694667
0.0622165554316
0.0664386471522
0.0669583496134
0.057934024878
0.0580637590623
0.0612753465349
0.0648889729016
0.0727336383081
0.0564045931595
0.0447370943568
0.0503425419988
0.0515635240738
0.0557736242791
0.0612028430618
0.0683008540821
0.0599078885883
0.0607576090126
0.0411460004671
0.0381642071256
0.0446555541462
0.0513733987902
0.057380681115
0.0356934288284
0.038941499193
0.0396971643222
0.0473337913282
0.0539471485314
0.0580710432385
0.0575464298581
0.0450134679354
0.0501444771775
0.0563366231869
0.0618507177603
0.0506903467132
0.0529171959337
0.0501537419402
0.0540892189671
0.06143480676
0.0669433917604
0.0746804193234
0.0803706439165
0.0710630848861
0.0738469349689
0.0804876882598
0.08637121573
0.0935347756427
0.0939325883766
0.100877335688
0.0775706459588
0.0826138163914
0.0894886396248
0.0944267655049
0.0997555454818
0.104497780774
0.109970525235
0.115318891571
0.0730432071893
0.0791340198236
0.06749975949
0.0693033628176
0.0704012180733
0.07024025971
0.0591471288264
0.0659103844692
0.0682464031239
0.0713187743117
0.0626573266553
0.0640991564792
0.0657452803647
0.0538935139655
0.0324412844988
0.0403203110943
0.0283352936433
0.0340843507825
0.0419162237606
0.0492041598456
0.0522437884359
0.0501670927977
0.0447432103615
0.048178448883
0.0420133408996
0.0401388642565
0.0456376002429
0.0534713235605
0.0552239847914
0.0618286241635
0.0681940107141
0.0681777810334
0.0739831392699
0.0812953878968
0.0846293154962
0.0922117008343
0.0977878730165
0.0873976341134
0.0891058127606
0.0946773434218
0.102566315698
0.110113801835
0.116640896598
0.114844953632
0.107878578462
0.0981176384321
0.0965853961711
0.096922319085
0.100285253614
0.0939639353266
0.0954669344354
0.103052902011
0.092853579099
0.0992254304224
0.103687849251
0.109151519104
0.10639473556
0.095888729604
0.100347934836
0.107336700012
0.107577179488
0.101369620851
0.0989350835375
0.100594350001
0.0980536839925
0.105858777219
0.106359914836
0.104588482098
0.0992261672358
0.104163271179
0.0887025610155
0.0899510134671
0.095882461315
0.102543733157
0.101737911716
0.0868679741058
0.0936629598765
0.0972026801693
0.0845285747919
0.0799280065822
0.0572874441523
0.0568120667037
0.0620345209929
0.0472335913022
0.0504639372202
0.0499190769258
0.0573491117312
0.0501912770433
0.0441740598209
0.0398142918739
0.0450185972037
0.0481094531639
0.0422540596268
0.0500991533101
0.0515904987056
0.0585874642202
0.0656209126578
0.0591386023108
0.0649336433703
0.0581309769071
0.0658757572536
0.0655773209039
0.0656572324948
0.0648452362391
0.0676123062201
0.0484380053059
0.0472088351055
0.0518460951995
0.0585801110879
0.0650708422344
0.0580019025653
0.063956661766
0.0656617261837
0.0707478806777
0.0728718662249
0.0673120160701
0.0737019001958
0.0717051986361
0.0655684620952
0.0676640284539
0.0715785569281
0.0679994629515
0.075875522011
0.0785498688724
0.0757242287675
0.0813722820244
0.0870230305159
0.0942078687171
0.066033425927
0.055090184015
0.044108572568
0.0317708703314
0.0378920662482
0.0291755417789
0.0128388297113
0.0151717697823
0.010021495404
0.0177920883829
0.0172789052676
0.0175962148189
0.0239254113795
0.0
0.00290364958615
0.0
0.0
0.00312474085743
0.0
0.0
0.0
0.0
0.0
0.00206188028415
0.00626561373084
0.00493442971369
0.0
0.0
0.00569558527866
0.0121147872099
0.00991305804107
0.0177527760233
0.0199035546982
0.0256943672437
0.0263376258743
0.0163713455193
0.0205963655225
0.0235881567353
0.0265613481578
0.0322008757435
0.0265115671401
0.0171555345247
0.0232790932053
0.0203661202559
0.0216105694162
0.0295361592767
0.0162377302431
0.0145513870661
0.0198712608175
0.0161352349065
0.0230845948108
0.00708036758587
0.0
0.00724068848617
0.0139825258565
0.0210842092086
0.0254562698886
0.01269436929
0.0197031001773
0.0113372003273
0.00647356795994
0.0110305316826
0.0106680758535
0.00663702367365
0.00337415179357
0.00768939456415
0.00117431262132
0.0
0.000525205416028
0.0
0.00509522632946
0.00974149620128
0.0158683736636
0.0203699048942
0.0190447750564
0.00869850200836
0.0151386344072
0.0231277625058
0.0216982969554
0.0269547525773
0.0253932068532
0.0193747403829
0.0
0.0
0.0
0.0
0.00452753038783
0.0
0.00646336464409
0.0117843091285
0.0191882919235
0.00750726926986
0.0
0.0
0.0
0.00552447938009
0.0115356671475
0.0137325765304
0.0195684131215
0.0259620013613
0.0284162211248
0.0330099965628
0.0382329208128
0.0447677421097
0.0510470568167
0.0581547904483
0.0603030191067
0.0669058689987
0.0642436831383
0.0628839405516
0.0552597975133
0.0512002609256
0.0575992191439
0.0581588867571
0.0651728768044
0.0714913420637
0.0653673920119
0.0625077034393
0.0544226311293
0.0624220379122
0.0555261845057
0.0565176111554
0.0630795187648
0.0581444225732
0.0554692326959
0.0615819777326
0.050455462691
0.0354270551782
0.04134381552
0.0367218385812
0.0265383334446
0.0317589605609
0.0375252841251
0.0443782871133
0.0397715159721
0.0367173511924
0.0426295754413
0.0448738288267
0.0505073048678
0.0449053859384
0.0506564820177
0.0296358958479
0.0189404423289
0.00164253393198
0.00330701900884
0.0110863478902
0.0119747434344
0.0186163516323
0.025979199393
0.0310070680558
0.0369882159615
0.0436275789675
0.0451804072993
0.0495167289206
0.0542005482506
0.0557813765149
0.0590173260055
0.0595563164581
0.043002324901
0.0506019331261
0.0565436949568
0.0636056291958
0.0615610788971
0.0483523335903
0.0544634733981
0.0571523076152
0.0508661067225
0.0538358654338
0.0583493725552
0.0536645001986
0.0506598335416
0.0574882400805
0.064226456168
0.0631548156044
0.0587890054569
0.0637112420135
0.0681501109781
0.0755498934483
0.083361007877
0.0910509926957
0.0944702672338
0.0981918636451
0.0986897104035
0.100605797486
0.0912608729798
0.0917030061197
0.0994687748327
0.106027808649
0.105955286299
0.111857614932
0.109278753055
0.116768196167
0.121804728072
0.110614896359
0.116015165363
0.114629737207
0.116025891812
0.115703933779
0.118692261747
0.122376439448
0.130205201729
0.131659243695
0.122063560252
0.121751157278
0.118283526333
0.115933958486
0.111018584863
0.111179001025
0.118288677973
0.113985575766
0.119363565823
0.10971740078
0.10745357273
0.105659597121
0.111967601558
0.103311412078
0.106262393888
0.0871811657663
0.0931777280048
0.0756778710371
0.0592373914051
0.0639987694411
0.0716006072209
0.0732803116279
0.0686711256549
0.0639831323759
0.0703657768953
0.0728625438693
0.0733140633354
0.0702203486463
0.0725597788177
0.0791911159102
0.0654092149968
0.0594141915893
0.0606966671822
0.0686644043844
0.0704089224301
0.0781555774691
0.0795664699873
0.0674215695566
0.0599831875973
0.0642972207695
0.0584602978576
0.0608658941056
0.0685032895172
0.0619155768791
0.0543547169996
0.0561853902406
0.0612071919245
0.0468428996383
0.0260484783674
0.0215211414135
0.028324086459
0.0217243979778
0.0126781349628
0.0195633323368
0.0127938647799
0.012174429374
0.0161052112841
0.0229303153705
0.0300607939406
0.037559476849
0.0328216435758
0.00972060996675
0.00922149424372
0.00865738112331
0.0
0.000579201080784
0.00773486323114
0.0143890902041
0.00700699719947
0.00628156121842
0.0
0.00639573087202
0.00667049458578
0.00745088703468
0.00596798158014
0.00253635191893
0.00495738597285
0.00242220419877
0.00398295101113
0.00428114704808
0.0109106670708
0.0171494580966
0.0150348465971
0.0215234099176
0.0271410072215
0.00572421415184
0.00994889561858
0.0
0.00154870462876
0.0
0.00743396099377
0.0127817897917
0.020512881377
0.0258305169635
0.0336059603035
0.0349544115102
0.0360667256313
0.0271071358626
0.0241183735549
0.0120633926368
0.0121518360005
0.0025051336513
0.00804587371825
0.0
0.0
0.00342227137537
0.0060777216632
0.00606458287544
0.0132267288558
0.0131062260834
0.019799583458
0.0215629065971
0.0280943685856
0.0188678659542
0.0243351917092
0.00062772534084
0.0
0.00364841092686
0.00784187118365
0.0119265881281
0.0126226343303
0.0171911039116
0.0245354759945
0.0228358228958
0.0220960951117
0.0206768797943
0.0273370301748
0.0309385295744
0.0363703040053
0.0205359832803
0.0
0.00561782511684
0.0
0.0078842775522
0.0
0.0
0.00541357430243
0.0103973444146
0.00258138701701
0.00584984665365
0.0136524529536
0.0188411191693
0.0
0.00671260028316
0.00836035731557
0.00776359528444
0.0
0.0
0.0
0.00544803782357
0.00899973824942
0.00286929457531
0.0
0.00477250068458
0.00308988458637
0.0
0.0
0.00229724978496
0.00350719141973
0.00717539416965
0.0101817673916
0.0176459145551
0.0229895678787
0.0307453527862
0.0361792679912
0.0429904486121
0.0497963662612
0.0460507312524
0.00490315198051
6.18959179093e-05
0.0
0.00149180449291
0.00684452694808
0.00838760306504
0.0148308182325
0.0132980098925
0.0193037529055
0.0258700342015
0.0247317288749
0.0308448989239
0.0295770239528
0.0352292077749
0.0428326109969
0.0494146601509
0.048610656239
0.0470908324669
0.0526483354178
0.0467399622086
0.0527897406125
0.0589766949304
0.0577606211443
