0
0.0
0.0
0.0
0.0
0.0
0.0
0.0
0.0
0.0
0.0
0.0
0.0
0.0073035208498
0.00946883328807
0.00271570246218
0.0
0.0
0.0
0.00333305268916
0.0
0.0013159801407
0.00459118200117
0.0
0.0
0.00742778122368
0.0
0.0
0.0
0.0
0.0
0.0
0.0
0.0
0.0
0.0
0.0
0.00764850834735
0.0121428218517
0.0123183927941
0.00825813736412
0.00872672821322
0.0
0.0
0.00293930127695
0.0
0.00665098464856
0.0
0.0
0.0
0.00076655406641
0.0
0.0
0.0
0.0
0.0
0.0
0.0
0.0
0.0
0.0
0.0
0.0
0.0
0.0
0.0
0.000404885850919
0.00601820983719
0.0135175487864
0.0
0.0
0.0
0.0
0.0
0.00467768472186
0.00071472844231
0.0
0.0
0.00323748179724
0.0
0.0
0.0
0.0
0.0
0.0
0.00722309525144
0.00354099618465
0.0
0.0
0.0
0.0
0.0
0.00737727137496
0.0118226900742
0.0
0.0
0.0
0.00224243546792
0.00186833876817
0.0
0.0
0.0
0.0
0.0
0.0
0.00493788518446
0.0
0.0
0.00518513638411
0.00914167618212
0.0125018355051
0.0
0.0
0.0
0.00168921966317
0.0
0.0
0.00772175982087
0.00860037771535
0.0
0.0
0.00190910739555
0.000824742393507
0.0
0.0
0.00501906267454
0.0
0.00158335881524
0.0
0.0
0.0
0.0
0.0
0.0
0.0
0.0
0.00674262835429
0.0133358698249
0.0118031640384
0.0
0.00107560982167
0.0
0.0
0.00660723464656
0.0
0.00254777691405
0.0
0.0
0.0
0.0
0.0
0.0
0.0
0.0
0.0
0.0
0.0
0.0
0.0
0.0
0.0
0.0
0.00270388046948
0.0
0.0
0.0
0.00391325975713
0.0
0.0
0.0
0.0
0.0
0.00479855463521
0.00357820628046
0.0
0.00320700148167
0.00402792769201
0.0
0.0
0.0
0.0
0.00629417739231
0.0
0.0
0.0
0.0
0.0
0.0
0.0
0.0
0.0
0.0
0.0
0.0
0.0
0.0
0.0
0.00676532248412
0.0
0.000377112950799
0.0
0.0
0.0
0.00737381298334
0.0
0.0
0.0
0.0
0.0
0.000785896066925
0.0
0.0068077742499
0.00545872754997
0.0117374267776
0.0138476610577
0.0
0.00347159292886
0.0
0.00729953616039
0.0137088683592
0.0
0.00411510050057
0.00783585645461
6.34508639861e-05
0.0
0.0
0.00531464974335
0.000400002218854
0.0
0.0
0.00132702955626
0.0
0.00550180183509
0.00573277280287
0.0122304407199
0.0
0.00242533802349
0.0
0.00687997090482
0.0134621272255
0.0180579284166
0.00631169303919
0.00886039219067
0.0
0.0055213504773
0.00800554170814
0.0
0.0
0.00643569753139
0.0
0.0
0.0
0.0
0.00569099592442
0.0
0.00601136133893
0.0
0.0
0.0
0.0
0.0
0.0
0.0
0.0
0.0
0.00555841328262
0.0
0.0
0.0
0.00487150049999
0.0
0.0
0.00547898228419
0.00467168015379
0.0057938227391
0.0
0.0
0.0
0.0
0.0
0.0
0.0
0.0
0.0
0.0
0.0
0.0
0.00626214466417
0.0139201262542
0.0
0.0
0.0
0.0
0.0
0.00666748036204
0.0
0.0
0.0
0.00304590192681
0.0
0.00438647137668
0.0109867686192
0.0
0.0
0.00124268722303
9.62671968132e-05
0.0
0.0
0.0
0.0
0.00388662622308
0.0107710148378
0.0120316108803
0.0
0.0
0.0
0.0
0.0
0.0
0.0
0.0
0.0
0.0
0.00364739876249
0.0
0.000366716083414
0.0
0.0
0.00584908839017
0.0
0.0
0.0
0.0
0.0
0.0
0.0
0.0
0.0
0.0
0.0
0.00715656722787
0.0
0.0028001937089
0.0
0.0
0.00349540059796
0.0
0.0
0.00778809442242
0.00599608051666
0.0
0.0
0.0
0.0
0.0
0.00467310686424
0.012233302642
0.0
0.0
0.0
0.0
0.000267779753091
0.0
0.0
0.0
0.0
0.00411282192671
0.00658942804979
0.0
0.0
0.0
0.0
0.0
0.0077967122672
0.0100646350738
