0
0.00542097606049
0.00710624654776
0.009918248592
0.0169028732693
0.00407215654964
0.0
0.0
0.0
0.0
0.0
0.00771387245343
0.00094959371776
0.0
0.0
0.0
0.0
0.000106284678528
0.00226808720733
0.0
0.0
0.0
0.0064488276549
0.0
0.0
0.0
0.0
0.00613475932691
0.0086235634318
0.0142325308372
0.0118210973962
0.0
0.0
0.0
0.000505250865922
0.0
0.0
0.0
0.0
0.0
0.00445430483761
0.012386081171
0.015888486553
0.0
0.0
0.0
0.00726624048762
0.0
0.0
0.0
0.0
0.0
0.0
0.0
0.0
0.00598638572225
0.0
0.0037033349279
0.0025669483981
0.00618250964443
0.00429077189464
0.0
0.0
0.0
0.0
0.0
0.0
0.0
0.0
0.0
0.0
0.0
0.00205452323169
0.00610286957936
0.00664294036541
0.00867694178607
0.0153408309178
0.0208136187794
0.0170888321653
0.014132994055
0.00630416332218
0.0
0.0
0.00532460403136
0.0102553918125
0.0065029193956
0.0
0.00696671051961
0.00719953003331
0.0147865550422
0.0115960779376
0.00268206442415
0.0
0.00508531416403
0.0
0.0
0.000613014136209
0.0
0.0
0.00238861883162
0.0
0.0
0.0
0.0
0.00642128322467
0.00753847578809
0.0
0.00694902925885
0.0147596131897
0.0222707083046
0.00266098973481
0.00953503490206
0.00238803327082
0.0
0.0
0.0
0.00646551076946
0.00111382898597
0.00342955410928
0.0
0.0073148234918
0.0053900732302
0.00785476773533
0.0142232171264
0.00339058795745
0.0
0.0
0.0
0.00769890974224
0.00332128288182
0.00720460195341
0.00101861884992
0.00491375986461
0.0
0.00200682230696
0.0058791946732
0.0107531612063
0.0
5.5804978746e-05
0.0
0.00381556313612
0.0
0.0
0.0
0.0
0.00111681220429
0.0
0.0077561735774
0.0115182561823
0.0116549614836
0.0125710416027
0.0151826921139
0.014488254149
0.0130576820957
0.0191181622061
0.0203452655023
0.01323774939
0.0168487382318
0.0
0.0
0.0015220833281
0.00337725167319
0.0064660250171
0.00422962486248
0.0
0.00459962828399
0.00942875149321
0.0
0.00746437908302
0.0141480441012
0.00653006078877
0.0
0.0
0.0
0.0
0.0040210211519
0.00255527020548
0.0
0.0
0.0
0.00454983853931
0.0
0.0
0.0
0.0
0.0
0.0
0.0
0.0
0.0
0.0
0.0
0.0
0.007440051651
0.0
0.0
0.00630458357242
0.0
0.000180662753078
0.0
0.000547739157433
0.0
0.00296935961513
0.0
0.00205408642877
0.00397424073528
0.00980612847741
0.0156218870923
0.00975341022827
0.012932076184
0.0
0.0
0.0
0.0
0.0
0.0
0.0
0.0
0.0
0.0
0.0
0.0
0.0
0.0
0.00594072825142
0.0
0.00197005036943
0.00942474902835
0.0145541750399
0.0125999525322
0.0145835739719
0.0179268274207
0.0
0.0
0.00609967472112
0.0
0.00377780027119
0.0111021004654
0.0
0.00471459033728
0.0027127176942
0.00358747107222
0.00704027353653
0.0146703874626
0.00110462214022
0.0
0.0
0.0
0.0067945471757
0.00889018919664
0.0
0.0
0.00291962597467
0.0
0.000448489314802
0.00641525195597
0.00728401730815
0.0149522659181
0.00369336342527
0.00250183845465
0.0
0.0
0.0
0.00511138934126
0.0
0.0
0.00260386114482
0.0
0.00570003973836
0.0116493772314
0.0102474823508
0.00863675407594
0.00778676126339
0.0
0.0
0.0035937940385
0.0
0.0
0.0
0.0
0.00217602353603
0.0037246401424
0.0
0.0022569468099
0.00651064424684
0.0102595101501
0.00676225042336
0.0
0.0
0.00100816227953
0.0
0.00749325212452
0.0147527255102
0.011524230666
0.0119760180174
0.00571154729827
0.0130296181149
0.0
0.0
0.0
0.0
0.0
0.0
0.0
0.00743416096425
0.000114914957877
0.00406667714251
2.48881830727e-05
0.0
0.0
0.0
0.0
0.0
0.0
0.0
0.0
0.0
0.0
0.0
0.000524886365811
0.0
0.00121846464314
0.000583873451439
0.0083160160797
0.00850546353983
0.0
0.0037802526605
0.00874493509976
0.00792110914454
0.0090276151628
0.0150964467156
0.0166916694131
0.0197905982431
0.0110327182804
0.0
0.0
0.0
0.0069203354038
0.0
0.0
0.0015854231207
0.00282584341645
0.0
0.0
0.0
0.0
0.0
0.000168497541402
0.0
0.0
0.0
0.0
0.00361601904094
0.0114002409676
0.0
0.0
0.0
0.0
0.0
0.00411127689934
0.00704529806498
0.0
0.00427618842627
0.0119493236917
0.00557187727508
0.0
0.0
0.0
0.0
0.0
0.0
0.0055007928362
0.00206086705586
0.00456267054865
0.0
0.00668349512129
0.00850944895632
0.0
0.0
0.0
0.0
0.0
0.00200296467084
0.0
0.0
0.0052816923743
0.00585273639729
0.0
0.0
0.000682761876333
0.0
0.0
0.0
0.00238557979051
0.0
0.0
0.0
0.0
0.0
0.0
0.0
0.000633115867748
0.00575805841222
0.0107379386745
0.0
0.0
0.0
0.0
0.0
0.0
0.0048821790615
0.011043721488
0.0
0.0
0.00507654471557
0.00905651310224
0.0
0.00646906226715
0.0125161441547
0.0136752331565
0.0199098397842
0.0149482436574
0.0
0.0
0.000406786141588
0.0
0.0
0.0
0.0
0.00773762136511
0.0
0.00171813260719
0.0
0.0
0.0037282953689
0.0109786139234
0.0183429412702
0.0041876380875
0.00872433222896
0.0134032813828
0.0125625591148
0.0
0.00436853428662
0.0121850978051
0.0158179925047
0.0219242908204
0.0
0.0
0.000141364451524
0.00757675817042
0.0
0.00144986651314
0.0
0.0
0.0
0.0
0.0
0.0
0.00120200355755
0.00772903421701
0.0121534959913
0.00410548834759
0.0116909549809
0.0158250401825
0.0212485492043
0.0282460581366
0.0110294149996
0.0
0.0
0.000645356906175
0.0
0.00691773043599
0.0
0.00770705428788
0.00924324819176
0.0
0.0
0.0
0.00626828974571
0.00734846537531
0.0065939293795
0.00405305522809
0.00620098403711
0.0
0.0
0.00365912505084
0.0
0.00602488562189
0.0136752278456
0.0170816577463
0.0129855393411
0.0
0.00161091627226
0.0
0.0
0.0
0.0071832335444
0.0105627932702
0.0
0.00625578410462
0.00526714965433
0.00138390427191
0.00554933637967
0.00648556365351
0.0114341337011
0.0153541800177
0.0186483266961
0.0
0.0
0.0
0.0
0.0
0.0
0.000726188830205
0.0
0.0
0.0
0.0
0.0
0.0
0.0
0.0
0.0
0.0
0.0
0.0
0.00791643694723
0.0
0.00610445779113
0.00681360387858
0.00828641896699
0.0
0.00621097129705
0.0
0.0
0.0
0.00603091728841
0.0132334379052
0.00674412302875
0.00874227665799
0.0
0.00786902762449
0.0103889400413
0.00859502413038
0.00197084289677
0.00970147558288
0.0
0.0
0.0
0.0
0.0
0.0
0.0
0.0
0.0
0.0
0.0
0.0
0.00686616405043
0.0
0.0
0.0
0.0059381545722
0.0
0.00757582552131
0.0153387953953
0.0191166499277
0.0
0.0
0.00516028755789
0.0130251087146
0.00502207996396
0.0101963413648
0.00827060557902
0.0143502491808
0.00280015537854
0.010566709416
0.00807856374
0.00604864366719
0.0
0.00278209845653
0.0064116341617
0.0
0.00071945494591
0.0
0.0
0.00253044634751
0.0
0.0
0.00591637789004
0.0
0.0
0.000967620283941
0.0
