0
0.00775498768699
0.0152996327665
0.0
0.0
0.00562388727108
0.00446801324552
0.00743863732981
0.0125569669324
0.0156139661266
0.00444309904864
0.00793023011321
0.0150622377783
0.0163669254106
0.0237851369688
0.0301846709812
0.0272069270851
0.0339221177868
0.0376185052588
0.0255851500333
0.0283989598771
0.0291239062534
0.026640874714
0.0326530575706
0.0392120467111
0.0376607237254
0.0375584459729
0.0449209777945
0.0336134362514
0.0211086004757
0.0248886585628
0.0301001143697
0.0193212109982
0.0253287488584
0.0322778209553
0.0368175449115
0.035645611963
0.0435365754526
0.0515161397026
0.0491301453633
0.0465242055154
0.0537069516032
0.0568267613111
0.0615021352722
0.0689793030723
0.0769476901601
0.0627564228512
0.0652793058561
0.0644162183254
0.0648360826274
0.0709040533665
0.0747210271311
0.0813236052229
0.0834750649845
0.0860074068529
0.0935524967017
0.0955837932427
0.102389186714
0.104416881296
0.106837838857
0.109825015858
0.111127654925
0.110666933069
0.10860543084
0.11516213618
0.118335957177
0.100988898704
0.102686835154
0.105029405495
0.109418373353
0.111176768834
0.106430657951
0.0866731483289
0.0850300643255
0.0903142796563
0.0973917508779
0.0870266541238
0.0936851314182
0.10069636674
0.104596551065
0.11080203242
0.114907322162
0.115707038642
0.120035932218
0.121482840554
0.118425841447
0.121818999241
0.127894923493
0.133639136197
0.136035938711
0.13418280228
0.131035872895
0.134159931935
0.141930963514
0.141266360756
0.126301202543
0.121956672145
0.126566283993
0.132038325477
0.134034651358
0.140890513232
0.147218737929
0.14982847143
0.130420355441
0.114618025513
0.122040024285
0.123903590181
0.113622618521
0.118509504146
0.116889780015
0.124753560605
0.132410231424
0.140238119515
0.146153189943
0.147444378994
0.143686074104
0.142448363103
0.124015596943
0.128116216805
0.135691939946
0.139667014317
0.12556269008
0.129275780702
0.136443987222
0.142403049351
0.143400086867
0.147592314182
0.150174331805
0.148662617059
0.153423964211
0.15306587111
0.153028143629
0.138078025979
0.139193190634
0.143306058636
0.14791501399
0.130722274404
0.132466439089
0.109823998217
0.104319044232
0.111526476062
0.110529436366
0.118058177746
0.124574185817
0.131597420739
0.130113407116
0.130892609519
0.134416240607
0.130334853443
0.130625478173
0.133167128283
0.132805635479
0.138546112777
0.134253669081
0.136997658483
0.140291453719
0.147151198037
0.149097661515
0.153294329274
0.141935904164
0.146428313002
0.146736406657
0.135665171533
0.139280954664
0.124828735312
0.127095190541
0.130328766871
0.137282338981
0.141684194038
0.141497245914
0.148916793377
0.153589245053
0.134067264003
0.131485980539
0.130410974302
0.112240746182
0.117797654931
0.119176337874
0.125180430914
0.13269510584
0.139198636051
0.144879865345
0.149009889562
0.151422905498
0.155650677726
0.155271529937
0.116194593372
0.121746573579
0.12298441452
0.108712169728
0.110792406039
0.0971484812522
0.092425262512
0.0974683850879
0.103385904617
0.0996147302793
0.103882245836
0.101741108386
0.101282525731
0.091056963437
0.0977395446786
0.102923794985
0.100037425014
0.0847374832379
0.0894093182384
0.0840011924712
0.0911387648939
0.0979821000494
0.105756680764
0.11264259739
0.120271671321
0.126913215973
0.128015640497
0.133706067603
0.1378535573
0.132369927946
0.126316323162
0.131613396176
0.137362740033
0.134473558491
0.141173904913
0.147056979473
0.132418434207
0.133709038614
0.141335036972
0.149201020296
0.120060138202
0.118769631215
0.125929899953
0.119402006741
0.126812817613
0.128039076044
0.132311595457
0.138455842523
0.144671991207
0.133994098923
0.139954483741
0.145025332353
0.144562613861
0.144062217408
0.141425275701
0.145461492468
0.140622742381
0.148238322353
0.156164640175
0.156799324613
0.149804080084
0.155758810241
0.159947459173
0.164419577575
0.171844003855
0.179018430479
0.169345638866
0.162739289096
0.168026464697
0.163165278515
0.17066882458
0.169061558851
0.174161951361
0.164717372309
0.159983327135
0.160355258512
0.166466787114
0.167897515223
0.175847594025
0.183285825052
0.191019862047
0.182356978975
0.180370413105
0.182517139261
0.187985984541
0.179280373156
0.168398406877
0.148176078344
0.143628258252
0.151566240667
0.151186876454
0.12047307879
0.12173912793
0.12897162935
0.125420415429
0.117546056181
0.125216846998
0.126109543315
0.134085340443
0.138013608535
0.127193322857
0.132661698331
0.131078682895
0.130797592396
0.12768955896
0.125885113545
0.130214197321
0.116434061097
0.107192395489
0.110029725362
0.111631333165
0.108915778099
0.112814069445
0.118628005176
0.123909030283
0.115979106336
0.103746706565
0.0901926635809
0.0914349245484
0.0765983821717
0.0836940281917
0.0862845308717
0.0906701357576
0.094544446881
0.0987103555225
0.10208608228
0.109576104592
0.114515262521
0.120138025047
0.099227285076
0.106318949032
0.112347991349
0.116820634684
0.0885159252638
0.0907739927918
0.0960650124433
0.0991293709617
0.102219821922
0.104801814168
0.103905141219
0.107028961842
0.110458577311
0.113299690391
0.116350751409
0.106183115359
0.10512647599
0.10302036177
0.1071382401
0.111473129074
0.11640475852
0.119600249085
0.121405663381
0.126330230641
0.110928335975
0.0822415181169
0.0863845128956
0.0923571686039
0.0970527601366
0.102522964046
0.107651444595
0.0868017459344
0.0879875956535
0.0951959834025
0.0884505372612
0.0886656708898
0.0931804221866
0.0986794973046
0.0951843473766
0.0966526197343
0.0975788260038
0.101702175996
0.0999305751354
0.107807780976
0.105626952651
0.106909268131
0.0976844472906
0.103973039586
0.0957298591169
0.0943855038256
0.0904537454956
0.0945465672908
0.0972675991937
0.0809174602009
0.0801549963948
0.0879902453324
0.0859733018568
0.0927077656493
0.08446693563
0.0863616800886
0.0846367709035
0.0893925012911
0.0948623515531
0.0985878234589
0.10223567788
0.110175943277
0.118123075057
0.124887311737
0.132611845101
0.133472157128
0.12342211654
0.106052458573
0.112881783691
0.117084169752
0.110143727876
0.10953756316
0.110900948966
0.0853167978424
0.0819151792055
0.0880765315503
0.0701579332517
0.0700404444027
0.0722862138355
0.0645277591153
0.063699599949
0.0615052829547
0.056776419381
0.0628162725793
0.0701298953292
0.0694178604723
0.0766391320732
0.0751425013906
0.0750892085421
0.0781920286561
0.0828622423937
0.0904674470619
0.0679263369391
0.0679135454484
0.0600702000849
0.0670225634671
0.0609857711317
0.0585403177816
0.0600451966664
0.0654771381066
0.0535552503719
0.0611611360945
0.0576508838172
0.0635787783021
0.0483801488646
0.0562287546487
0.05809349718
0.0608510256627
0.0685871760374
0.0723447360159
0.0563932397617
0.0628144662074
0.0645057958696
0.0595615440348
0.058168185656
0.0625020371904
0.0572110167276
0.0644541443653
0.0563235301457
0.051349030894
0.0500501381456
0.0531948531833
0.0424405762317
0.0322145094544
0.0320015426481
0.039651859402
0.0475542960045
0.0242557073798
0.0
0.00773462444036
0.0154024258649
0.0157149909655
0.0113827542395
0.0109957374127
0.0175781634626
0.01974357534
0.0
0.0
0.0
0.0
0.00723955553777
0.0133086443604
0.0154890099332
0.0187036536128
0.0
0.00540950187692
0.0113364311284
0.00821676998333
0.00506534092783
0.00385394485879
0.00258580934962
0.00911043555828
0.0168711431441
0.0248389299782
0.0285683282489
0.0334274563417
0.0189889823757
0.0241277007325
0.025139713753
0.0216123840011
0.011210421647
0.0163097551945
0.0199470143215
0.0266208705507
0.0332319579855
0.0285521956876
0.0304004028059
0.0270794192422
0.0241330715874
0.0267806967033
0.0234077850521
0.028429013257
0.0353020440874
0.0259160032089
0.0294048736525
0.0350166648555
0.0287596477741
0.0284920029051
0.0326853317665
0.0326431003628
0.0330447829143
0.0387023655267
0.0341816955027
0.0319338494652
0.0307370770516
0.0346160586566
0.040761660268
0.0282802711264
0.0274611671566
0.0325655076467
0.0306696273602
0.0355714791112
0.0426934649921
0.0480201151317
0.0536275237495
0.0553181166712
0.0578673903398
0.0467632426625
0.054461587515
0.0528122398453
0.0599095914246
0.0628531026252
0.0672134508042
0.0716370103729
0.034293615306
0.0391133987905
0.0409593111278
0.0449123235619
0.0448900394217
0.0421867929847
0.0449984386575
0.0418984140316
0.0366435776589
0.0365611421794
0.0416256616766
0.0471200103365
0.0428613488816
0.046132828826
0.0442736853338
0.0381218498274
0.0387835812816
0.045245933113
0.0343437892352
0.0261797296766
0.0165986520843
0.0137070758765
0.0
0.00497788865587
0.00224500468216
0.00411591188629
0.00231895937149
0.00182442581632
0.0
0.0
0.0
0.0
0.00359943131735
0.0112330461335
0.0134494934479
0.0060696985435
0.0
0.0
0.00262473828985
0.00380529364806
0.0108094474622
0.0126825831845
0.010444135076
0.0142848988584
0.0187585316161
0.0259747577249
0.0337109878774
0.0313829762541
0.0305514491762
0.0226304849721
0.00731126433903
0.0112233126272
0.0161046412438
0.0232209531549
0.0189641052696
0.0260680902071
0.0236109728169
0.0302977101136
0.0209242551712
0.0212330404155
0.028368178991
0.00654284137178
0.00452382722524
0.0
0.0
0.00233826072044
0.00260713355212
0.00920726916227
0.010505252139
0.00930024268193
0.0110018574027
0.0112533871581
0.0
0.00376332780367
0.0
0.0
0.0
0.00479117922863
0.00280554157226
0.010078933901
0.01294954685
0.0181698661442
0.0250704991002
0.0173106948735
0.0250463992177
0.0313515690897
0.0328480934934
0.0374612308441
0.0452914236383
0.0428371870345
0.0450137162457
0.0415777698746
0.0480687448537
0.0506540201801
0.0422947788361
0.0476619080964
0.0462437408029
0.0380633475981
0.034267285136
0.039246941252
0.0427334968075
0.0270416506265
0.0256009609657
0.0288831103124
0.0216679309638
0.015907593374
0.00637522354807
0.0
0.0
0.00668498546479
0.0135196938826
0.012104351729
0.00837281911382
0.00944879676062
0.0143133414774
0.0190145348219
0.0231230381894
0.0153554263784
0.0231347559315
0.0100491361387
0.0157574295866
0.0146838810387
0.00323747304217
0.0102771854588
0.014832692469
0.0149129424007
0.00754569998992
0.0107153651153
0.0129764466399
0.0201957340126
0.0
0.00665445382064
0.00654955533745
0.0135436610327
0.0111367521759
0.0176460066764
0.0118639831284
0.0186951516968
0.0054992545264
0.01111723815
0.0107037788522
0.0144191275622
0.0184344443092
0.0217243091816
0.0291313769005
0.0363873209815
0.0424130663039
0.0350766479684
0.0378649625631
0.0290685628553
0.0352529188758
0.0354822069634
0.0407793576991
0.0230163326606
0.0301193355483
0.0343396326647
0.0356970411212
0.031481628984
0.0385663303803
0.0441252094834
0.0461485013932
0.0530559756485
0.0318961669313
0.0372342262892
0.0231765975587
0.0181205553746
0.023994098925
0.0309457986658
0.0341710036997
0.037482261194
0.030485232782
0.0353084383968
0.0159767652799
0.0186231421094
0.0192586628088
0.0256021689538
0.0258646663364
0.0204286068881
0.0278804366101
0.0301036051619
0.0297492781218
0.0248291096465
0.0287008831092
0.0365098890653
0.0408058684486
0.0485299907707
0.0461797430972
0.0395720024867
0.0473462831117
0.0546772773869
0.0559777059341
0.0415464269955
0.0484201356425
0.0510695944554
0.0492307383834
0.0541786195251
0.0621745405025
0.0477487010865
0.0548249585961
0.0618050957464
0.0677658686818
0.0675153018168
0.0749515782236
0.0810792422581
0.0879442822792
0.0919916571636
0.0974154058468
0.0987286248401
0.101790539454
0.102780843721
0.106387636114
0.11223592719
0.118940162933
0.123826776253
0.131719229707
0.132125730222
0.139557028532
0.147516377088
0.151928560978
0.158599325316
0.165838423846
0.170051337457
0.166166872792
0.165330477014
0.172480316715
0.172225994667
0.179085521089
0.184852269877
0.161530790468
0.163188570848
0.170299908289
0.176818694955
0.171715653933
0.162275097802
0.163989583471
0.15587933529
0.159426645958
0.167091317771
0.172948610545
0.153097616209
0.154431754356
0.135211779701
0.136624323722
0.144170951917
0.149469346581
0.143657066684
0.150783166786
0.15828342924
0.164950625372
0.172549544856
0.173615482105
0.172653315143
0.17854294514
0.176985747781
0.172356867489
0.177025571528
0.181007874989
0.180611435496
0.183689105271
0.181588000226
0.189376265418
0.197078972451
0.192010229971
0.18674024823
0.181385417132
0.180001827678
0.16420071381
0.162938538928
0.15441563101
0.159978458766
0.141923648338
0.134909655418
0.135710762701
0.143345039224
0.147045464475
0.152811730433
0.147959208648
0.148098539227
0.154860465776
0.156241585589
0.151625064563
0.154204214851
0.1535706559
0.158883534918
0.122483168789
0.111344914586
0.114356658418
0.120322698875
0.124799332884
0.131178520672
0.133317954076
0.132498463385
0.123938704933
0.128699632074
0.1338689438
0.138427298797
0.142476960984
0.13853128356
0.128195570454
0.114214378221
0.120126051247
0.10236370785
0.108285493765
0.113725156804
0.0689356085754
0.0723436083811
0.0679116343085
0.0711944207252
0.0765119957193
0.0573981782062
0.0652054781485
0.0680429935327
0.0586879513047
0.0640451238604
0.069098623525
0.0755585175844
0.0820357941878
0.0899051026997
0.0912215043364
0.0881759007595
0.0759447319076
0.0823873596604
0.0879668135072
0.0942846981844
0.0932668282269
0.0995350412782
0.104245463962
0.100603202277
0.104233521835
0.100050977606
0.0899733912681
0.0964282558755
0.101571741857
0.109550782703
0.113686734519
0.113714771839
0.0977685612949
0.102222739875
0.102990596942
0.109494093289
0.115272647346
0.116084660996
0.110796337022
0.112628594095
0.117860157193
0.122444993605
0.128361920226
0.125916075278
0.123117593485
0.121844905624
0.125323503527
0.132680380726
0.134315648465
0.138545091768
0.123487784011
0.100512749786
0.0953511659281
0.100704931353
0.0952074816215
0.0913663541138
0.0962232277474
0.0725858964788
0.0606900766585
0.0514225324525
0.0438039848209
0.0477857543809
0.0501217640222
0.0545739288547
0.0482246901222
0.0493973499811
0.0391785420789
0.0409764461456
0.042824098988
0.0463496458902
0.0479386314117
0.0334106710192
0.0279505750073
0.00754168419347
0.00963969765571
0.00597233010088
0.0
0.00348098780681
0.00770815016825
0.0
0.0
0.00721692391363
0.0055095621203
0.00638717848292
0.0
0.000873080719617
0.00308301324662
0.0
0.00669598909946
0.0117606319308
0.0133458716137
0.010620928896
0.0122197678447
0.0
0.0
0.00663316354416
0.0141670598408
0.0212370046574
0.0189454768702
0.00391055324929
0.00147033903363
0.00569460471761
0.0
0.00247130345222
0.00547915454652
0.0
0.00782164189825
0.0102819098307
0.0164431943295
0.0171371179289
0.0129886549862
0.00697118505672
0.0121294053187
0.0105417743816
0.0180799368929
0.0148322353934
0.0182615610272
0.0244620243313
0.031827472363
0.0352846611808
0.0370927006551
0.043417635247
0.0398030739842
0.0310383216179
0.0207341326081
0.0260323132772
0.0332400478395
0.0410423354439
0.0422313971291
0.0347841773407
0.0404736684804
0.0370738581529
0.037454242483
0.036906105407
0.0361129161878
0.0309821615271
0.0144622291803
0.0129992349171
0.00489731883335
0.0
0.00228378889897
0.00949176980829
0.0134228183561
0.0188569328007
0.0250244813904
0.0200653520642
0.022833571466
0.0128107808536
0.0206689018761
0.0278775957958
0.0323996266273
0.0274974530651
0.0185188288185
0.0169754312659
0.00958575371786
0.0124434367478
0.0129563773749
0.0201006904872
0.0203162134339
0.0248588740211
0.0313927473631
0.0304527717385
0.0344858824906
0.0346911305352
0.0407035193676
0.044462483699
0.0466297136234
0.0536123308224
0.0511208454908
0.0507912315665
0.0482108859408
0.0524741532631
0.0442367773427
0.0384101784413
0.0219588222756
0.0209411948765
0.0188452476599
0.0267062144999
0.0306308052714
0.0382835347032
0.0397088828304
0.0311725128835
0.0383311525882
0.0426334627725
0.047494452791
0.0408872646249
0.0404120811217
0.0461064465571
0.044684136005
0.0455095607845
0.0450904400424
0.0349884759083
0.0412731609403
0.0413103099956
0.0480685566985
0.051412199327
0.0529892907863
0.0567332866737
0.063111915555
0.0681057648483
0.075438657403
0.0563379777544
0.0629139817946
0.0704143822311
0.0767782329571
0.063385580363
0.0579743481093
0.0647200123027
0.0667957083417
0.066623601345
0.07042516202
0.0725103194942
0.0799107792861
0.0832717216452
0.0724797641459
0.0752591717027
0.0707031793045
0.0685754090233
0.0741848544715
0.0296435949446
0.0334105371994
0.0263386698307
0.0119829845518
0.0149585023713
0.0177995698496
0.0
0.0
0.00742230724564
0.0134258478917
0.0210506339756
0.0278574976438
0.0177687917705
0.0245247310782
0.0312222208631
0.0298126119348
0.0268950188077
0.0209993628871
0.0276716191322
0.0258758043151
0.0316922209655
0.0390519638056
0.0461242497594
0.0482681801559
0.0503502878702
0.0548890214152
0.0518995033843
0.054672697147
0.0563026465016
0.0558359253454
0.0613370525057
0.0621432350549
0.0677789313036
0.0693389838384
0.0643711124574
0.0607691816958
0.0682934227505
0.0741965129358
0.0708263390429
0.0787884171207
0.0848085884043
0.0907231508411
0.09743306303
0.10391135204
0.103147711728
0.10956202434
0.105108909718
0.104051575259
0.10283655816
0.110550860062
0.114883370862
0.100507650851
0.102919086598
0.11079966343
0.097612539235
0.104711392509
0.105307487085
0.111647460454
0.117375708632
0.118519485515
0.0988347323674
0.104393298535
0.0988147372918
0.0962124345542
0.101626387414
0.108735020096
0.0715938101268
0.0643794489382
0.045827810982
0.0474245247613
0.0524810098988
0.0541851996527
0.0565048085691
0.0601056323806
0.0618057421723
0.0677062116963
0.0708186813079
0.0746530257152
0.0811762943983
0.0581726770047
0.0472491576991
0.0476135280208
0.0493616600874
0.0568514963177
0.0492578446439
0.0406863046797
0.0441983837014
0.0492664231612
0.051949742796
0.0503232751364
0.0392482404138
0.0383282998306
0.0350165166413
0.0356616448306
0.0188828935773
0.00400628579704
0.0
0.00635705342103
0.00824975271307
0.0053795285458
0.00973436604756
0.0174639518195
0.0128133862465
0.000157793201362
0.0
0.00723660864376
0.0129189013652
0.0204722457227
0.0179755419504
0.0248474114756
0.0299300589118
0.0251176539243
0.0318624035338
0.0274676226149
0.0132433757443
0.0176571789932
0.0246288818618
0.0
0.00482712782922
0.0
0.00352460344669
0.0
0.0
0.00445536475035
0.000413542183679
0.00179698603869
0.000315370130307
0.00767537808817
0.0150962028667
0.0219325231383
0.0118207217962
0.0108031725599
0.0
0.00337404166994
0.00201683244858
0.0
0.0
0.00380074103298
0.00818536142668
0.0115635704736
0.00702778009761
0.0150002023068
0.0108941678426
0.0166990356853
0.0190860180761
0.0142471147753
0.0173901628788
0.0252904965348
0.0205642302038
0.0222226947708
0.0255972928537
0.0282579014821
0.0128831252685
0.0175405696938
0.0184202271687
0.0159512555149
0.0114009335208
0.016208198993
0.022789607039
0.0137177038527
