0
0.0051156143821
0.00978430889557
0.0132471350845
0.0195646045204
0.0131917532034
0.00830511729018
0.0160166907116
0.0204705388296
0.0264100272356
0.0297001864154
0.0324783774688
0.0370836096289
0.0354539009015
0.0223197393011
0.0274830577412
0.0286954875046
0.0324048892471
0.0362535771531
0.0361575352701
0.00998674932721
0.0134554147727
0.0208302917273
0.0172446757029
0.0173052538815
0.00692421778701
0.00965847107312
0.0122008345231
0.0106064087496
0.0
0.0
0.0071371748067
0.0137713938521
0.0210086861688
0.0165001774713
0.0159880984959
0.0222410266943
0.023866165697
0.0
0.00386386306989
0.00494698123692
0.0115331745531
0.0169271550941
0.00795395858109
0.0116467127426
0.018558821945
0.0231227916013
0.00945239198964
0.0157200469432
0.0172834689888
0.0236746266544
0.0197328694713
0.0257105954755
0.0151631968041
0.0144664972903
0.0
0.0
0.000829633157924
0.00162956172716
0.0
0.00123027256625
0.000207307065805
9.61438493842e-05
0.00803439561102
0.00714386705104
0.0147469818297
0.018409671177
0.0221973720472
0.0215687570241
0.026684691053
0.0246573970154
0.0266885168885
0.0335222737378
0.0385520582112
0.040634151662
0.0471012588467
0.0495477058797
0.0525716701331
0.0557640825491
0.0422878605066
0.0195447953709
0.0160773763661
0.00529869908277
0.00967356067376
0.0
0.0
0.0
0.00637857419844
0.0116483060559
0.0190357861589
0.0129289973925
0.00730160478643
0.0127272957896
0.0152938853426
0.0210099162069
0.0278919616762
0.035610586757
0.0298817908062
0.0
0.00585752750096
0.00700115367256
0.0118592864713
0.0179152424852
0.0132962003149
0.0170667315084
0.0234020619523
0.0154186108568
0.0146665994933
0.0122051551648
0.0191686878441
0.0188379425047
0.0247847168216
0.0300091531799
0.0290122699652
0.013936838654
0.0137921593249
0.0158455977472
0.0172219129447
0.0185024512495
0.0162650794968
0.0209655964787
0.0286799446576
0.0202746948321
0.0259007926236
0.0284290197377
0.031176182559
0.0232888914684
0.0270291837848
0.0316321018393
0.0393688882581
0.0356009553625
0.0435409446768
0.049233232594
0.0433778145409
0.0362974666773
0.0310006210557
0.0383062423051
0.0390495451468
0.0467893541692
0.0497465198871
0.0575185997555
0.063405530435
0.0563179035843
0.0642962259276
0.0667883869747
0.0680107310636
0.065333161883
0.0706350290266
0.065317667088
0.0728922333759
0.0806995092654
0.0792219684667
0.0836667965833
0.083604290008
0.0859413301735
0.0575930851411
0.0612697313042
0.0526166147371
0.0164753846747
0.00554647948835
0.0
0.00572775191755
0.0
0.0
0.00791771506736
0.0
0.00228182141993
0.00903736981637
0.00678751291731
0.00615959035337
0.0115027098582
0.0174673367235
0.015191258005
0.0215454269369
0.0
0.0
0.0
0.00104709767937
0.0
0.0
0.0
0.00738915144041
0.0
0.0
0.0
0.00116313246315
0.0
0.0
0.0
0.00675344741041
0.0131791162646
0.0
0.0034204778696
0.0
0.00541941314425
0.0
0.0042399414399
0.0
0.00676776359721
0.0
0.0
0.0
0.0
0.0
0.0
0.00728468352328
0.0138092640418
0.0209025874851
0.0194745268524
0.0233950659807
0.0222696318256
0.0300122076766
0.0185112370861
0.0133377191698
0.0180938320592
0.00856923084953
0.0
0.00675739933876
0.0
0.0071530584844
0.0127953751532
0.0183265844386
0.016849866746
0.0216135036113
0.0138841013108
0.0216864872885
0.028129316847
0.00982731605443
0.0153474370637
0.00328838838197
0.00546207116935
0.0116667809735
0.0185325113499
0.026013918079
0.0268917155622
0.0303396242229
0.0316983976723
0.0305125454868
0.0289734757019
0.0251846635209
0.032150846351
0.0304156493852
0.0211532135582
0.0224978575186
0.0229824370414
0.0289240882458
0.0290373372157
0.0365331291547
0.0362090731371
0.0335009780271
0.0262049535375
0.0251082155873
0.0291217702725
0.0307317954269
0.0243071643742
0.0260999547693
0.0329892841619
0.0326090021973
0.0282346694932
0.0272954027757
0.0236274670896
0.021665434746
0.0245909140759
0.00994441906547
0.0123983015259
0.0
0.0
0.0
0.00512629418711
0.0101154107006
0.00889497535171
0.0142425204914
0.0107023202312
0.00648388788005
0.0134567640214
0.00743445501253
0.000243764678483
0.002992942496
0.0
0.0073922441871
0.00496167167412
0.0127065851965
0.00928447624449
0.00664645534926
0.00767811341118
0.0148383248968
0.00949085307054
0.00944096937294
0.00461249549312
0.0100074298595
0.00150200898905
0.00375725469895
0.0101444391978
0.0174544973873
0.0152156529679
0.0111250572835
0.00330272279326
0.0111661463451
0.0
0.00508813192307
0.00429826427923
0.00148665923685
0.0
0.00240779349052
0.0
0.0
0.0
0.0
0.00779352938857
0.0152602935778
0.0197616317143
0.0267137204006
0.0
0.00266728529275
0.0103032046571
0.0
0.0036776280007
0.0
0.0
0.0
0.00660726076825
0.00937049282806
0.0156692329459
0.0232295057598
0.000955561086131
0.00786586334698
0.0
0.00543021162973
0.0
0.001491402546
0.00816832211769
0.0103581820918
0.00809773527038
0.0123553282483
0.0
0.00705573391787
0.000669310225846
0.0
0.0
0.00551080932314
0.000897829474495
0.00332306097358
0.0
0.00426835481646
0.0
0.0
0.0
0.0
0.00526894746872
0.0
0.0
0.00774081425684
0.00939100582299
0.0
0.0
0.0
0.000924965574829
0.0
0.0
0.00126355913488
0.0
0.0
0.0
0.0
0.00791661886915
0.0148513620597
0.0
0.0
0.0056048762515
0.010530068614
0.012912604772
0.00368277921114
0.00767279132197
0.014679276202
0.00874687038984
0.00887122897169
0.0110611497937
0.0150758561538
0.018213434889
0.0171437813
0.0
0.00620045466936
0.0137987962155
0.0
0.00591057913713
0.00754087070348
0.0109542383887
0.0131174270103
0.0104419729537
0.0
0.0
0.0
0.0
0.0
0.00467210778395
0.00457753903777
0.00640982968222
0.0065308452157
0.01409705036
0.00447594344165
0.00730240452544
0.0
0.00394156813182
0.00992288677265
0.0152195090827
0.00798305997648
0.014830117438
0.0115214047592
0.0100079892259
0.0111008750922
0.0170201586439
0.024097035306
0.0233544005003
0.0248841637484
0.0290139039271
0.0269582679671
0.00510600160065
0.00449104861539
0.0
0.0072394098813
0.0113784003177
0.00447790374395
0.00998961097907
0.0151397277457
0.0229458988393
0.0307055714414
0.0384770017592
0.0425885272633
0.0307609303756
0.0302061679621
0.0348713690055
0.0426398192845
0.0
0.0
0.0
0.0
0.0
0.0
0.00385768703349
0.00610983223438
0.00429910454274
0.0
0.00790624015449
0.0
0.0
0.00112007492966
0.00690987535879
0.0
0.0
0.0
0.00128673847384
0.00507906865719
0.0110978954692
0.0104492368176
0.0111648571272
0.00820353589775
0.000568581491583
0.00436279495218
0.0109768635375
0.0146649540739
0.0172114962719
0.016579183021
0.0159133029833
0.0165790787407
0.00184342519399
0.00219945420462
0.0
0.00158400017634
0.0
0.0
0.00192232548391
0.0
0.00645237935431
0.0
0.0
0.00680926748175
0.0113171505761
0.00731394529418
0.00896993574735
0.0117930240964
0.0118372065714
0.0109528295835
0.0140985898992
0.00324656087748
0.00414361744592
0.00272589608803
0.00126174150504
0.00423015552467
0.0050777979384
0.0104500587312
0.0101540291526
0.0173085397845
0.000485473877303
0.00746986669262
0.00672082362894
0.00105105982506
0.00144436580422
0.0
0.00700003217842
0.00106652409336
0.000350461067437
0.0
0.00772880959479
0.00403221457267
0.0094561716044
0.0149888144132
0.0134248237184
0.016363780616
0.020203107054
0.0168060721456
0.0184201566539
0.0207912811141
0.0105523965758
0.0122007253845
0.0200075195283
0.0
0.00631871077976
0.00942168401875
0.0
0.0
2.01202342405e-05
0.0
0.0
0.000372730743198
0.0
0.0
0.00791651236796
0.00160872716069
0.00930666704274
0.0165310096627
0.0126173031495
0.00588605838707
0.0
0.00351189158772
0.00224804510652
0.00840609622796
0.00925096133533
0.01578828479
0.0178837043284
0.0233451113139
0.0281582530864
0.0123295538892
0.0185633160897
0.0232969876839
0.016413294969
0.00761950544302
0.0
0.00672667282011
0.000214160608872
0.0
0.0
0.00702865598984
0.0123050370596
0.0
0.0
0.0
0.0
0.00449524661142
0.00984512187599
0.00979259331105
0.00771323580637
0.0
0.00283159807226
0.0
0.0
0.0
0.0
0.0
0.0
0.0
0.00737978217051
0.00288762459397
0.0102707013527
0.0
0.0
0.0
0.0
0.00236778019647
0.00330102364913
0.00197593464915
0.0
0.0
0.000495482283527
0.0
0.00424008188623
0.00726671605366
0.0
0.0
0.00797682140495
0.0157079726061
0.0203921881159
0.0103632315859
0.0122584585178
0.0185110213224
0.0215108656896
0.0245716037656
0.0310092169128
0.0346410995863
0.0334103520447
0.0411292379946
0.0440124149441
0.0513091592642
0.057650578077
0.0549019895916
0.0558964803452
0.0614997913772
0.0349275182571
0.0428053571212
0.043025820619
0.0479197877073
0.0532732420446
0.0409380995809
0.0320607756282
0.0330216830141
0.0324734265038
0.0358110933945
0.0319067522323
0.0340430466705
0.03615499883
0.0318103142284
0.0277332099478
0.0311333536277
0.0231008853616
0.0292446824031
0.0365662842587
0.0441793127452
0.0334385957893
0.0320975279691
0.0244072062688
0.00149789331396
0.0
0.0
0.00639458780125
0.00704235995035
0.0
0.0
0.00600910237651
0.00577799001612
0.0126699782984
0.00422414633803
0.00632769011204
0.0137040459736
0.0155351212313
0.010117344122
0.0162937521633
0.0
0.00102506109562
0.00269690909657
0.0
0.0
0.0
0.000511670081173
0.0
0.0
0.00561525478785
0.0
0.00705681839492
0.00317446905568
0.0
0.0
0.00668624216903
0.00537450170622
0.00348347549543
0.00389455435732
0.00523414277303
0.0
0.00669118638561
0.00906804352851
0.0140221218987
0.00630806675106
0.000981903962074
0.00484745211364
0.00951621714202
0.0127459375821
0.0204923165102
0.0228455176852
0.0289473323269
0.0322772203605
0.0399867299991
0.0466268575345
0.0514671168273
0.0256106227228
0.0268606930608
0.0325645032057
0.0241106470581
0.0313428081391
0.0257804120091
0.0319240673705
0.0226694676533
0.0227329965763
0.0133464343684
0.0122713693235
0.00975225429024
0.0174174349698
0.0224912083307
0.0
0.00439461488782
0.00728398509605
0.0138867104789
0.0200967223881
0.0197150594022
0.0167586279539
0.0118747992279
0.0173485451616
0.0249119220407
0.0258866959401
0.0146747021869
0.00847785640999
0.0
0.00346038484612
0.00424667160063
0.0
0.0
0.0
0.00337007852846
0.00467580589066
0.0107452944401
0.0145470444914
0.0144363611772
0.0
0.0
0.00253581265801
0.00813985758872
0.0150238094369
0.00603620133483
0.00757080543143
0.00546547274092
0.00557500281716
0.00886182468262
0.0116039711863
0.0192677274015
0.0250188056406
0.0240863111592
0.0301281464681
0.0317834154162
0.00990696095554
0.0140379659463
0.0148423483612
0.0
0.0
0.0
0.0
0.00282490957743
0.0
0.0
0.0
0.0
0.00764467723941
0.00943041883502
0.0172982146581
0.0
0.00327025021529
0.0104035365505
0.00504811897326
0.00436567000561
0.00709061977487
0.0
0.00440776951842
0.00953160537464
0.0121720043077
0.0155672101558
0.0115125282982
0.010096211271
0.0150109334105
0.0211514174563
0.0237987441813
0.0317498022705
0.0198307127817
0.0120787760079
0.0161771613184
0.00309550812681
0.00145835973287
0.00845339934996
0.0150928731122
0.020973231102
0.0277239142838
0.0218854914566
0.024942751257
0.0290851606109
0.0143664894985
0.0103184673173
0.0177123996381
0.0149176150788
0.0174113536382
0.0146233689706
0.0215190588956
0.0206191407772
0.0257800750028
0.0329494289388
0.0353879197979
0.0387711771411
0.0464497458655
0.0507660743065
0.0503284236661
0.0568899546595
0.0478172502052
0.0462321357739
0.0416092671027
0.0415210470241
0.0378488495194
0.0368620996447
0.0436538535911
0.044204000479
0.0512927022183
0.0576500830998
0.0641423279387
0.0714696325715
0.0688078590648
0.0458901083366
0.0461559869831
0.0441833956456
0.0245918825909
0.00642495045961
0.0122672386521
0.0179515986477
0.0228273197686
0.0305413418877
0.0306441369699
0.0342551260821
0.0409102684177
0.0469955665845
0.0484644634427
0.0328351217382
0.0314190208691
0.0341156431678
0.0391931298801
0.041264177078
0.0433379400928
0.0491150622007
0.0494402268765
0.0325543600511
0.0403124448541
0.0336466593893
0.038518763395
0.0385762643705
0.0076172722685
0.0146801672882
0.00464854822562
0.0040598436141
0.0
0.00717708641359
0.0147694194804
0.0208513119925
0.00468406059963
0.00943976344081
0.0147778652519
0.00133016230477
0.00758293134311
0.00920137631783
0.0
0.0
0.00242433011249
0.00379236650898
0.00856746477967
0.0
0.0
0.00505864450794
0.0
0.00512757713653
0.00932848537588
0.0167527733558
0.0178832091631
0.0238045387909
0.0310644023038
0.0223275535358
0.0046525107525
0.0
0.0
0.00306669601923
0.0
0.0
0.00619373341541
0.00292357328101
0.00620686624094
0.0
0.0
0.00771775275971
0.0106139102804
0.00556797410178
0.00439199670497
0.00691595915161
0.0140278530549
0.00871609623769
0.0162699269903
0.0225196598994
0.018318946742
0.0
0.00500242408131
0.000697518749524
0.00611192559691
0.010107804996
0.00802585207074
0.0149071252258
0.0175184696558
0.0205930117591
0.0160752892713
0.0221878015111
0.0219223036691
0.014097307692
0.0114243747636
0.00289195066714
0.00840388178487
0.00703132590118
0.013798264957
0.0125420760599
0.0
0.0
0.0
0.00562002437369
0.00747556836515
0.0
0.0
0.0
0.0
0.0
0.00360504187142
0.00967944224321
0.00116178194707
0.00356817862527
0.0100598348283
0.0112988626235
0.0192776165643
0.0212876586744
0.019868407079
0.0147860710648
0.0218461113273
0.0296147794315
0.0234646880847
0.0227859378833
0.0302169835719
0.0312736168457
0.0331845691363
0.039304423155
0.0411357924268
0.0487462279347
0.0529523013552
0.036598381226
0.0
0.0
0.0
0.0
0.0
0.0
0.0
0.00584035610052
0.0
0.000462308710835
0.0
0.0
0.0
0.0
0.0
0.0
0.0
0.003583108575
0.0107414593819
0.0184502064263
0.0147949434307
0.0226462489917
0.0189069878655
0.0120599873209
0.01838072424
0.0256506450325
0.0241244856557
0.0297539033134
0.0347651837579
0.0394773487106
0.0430941792538
0.0312236371146
0.032511974486
0.0399884732128
0.0365445763058
